8.861799759796398224e-01
9.997420198856874496e-01
1.027879329547562115e+00
1.012058851806119097e+00
8.911190858429690609e-01
9.996463236380410677e-01
1.007002922193653394e+00
9.969524568514377405e-01
9.998831217752116585e-01
1.014063757061368420e+00
9.545064156556238855e-01
1.009844181699468102e+00
1.016743057216167312e+00
1.015936921251780811e+00
9.237506446657171022e-01
1.010005134719873077e+00
1.002687038636679295e+00
9.949379600956498315e-01
1.005298839462045679e+00
1.009867147092988304e+00
9.268919405859610272e-01
1.008923124810881644e+00
1.010773659842168160e+00
1.010307279430120220e+00
9.561018607525519908e-01
1.011408130916826353e+00
1.002622028032773338e+00
9.949675942223447089e-01
1.006132452910586617e+00
1.004899343754258378e+00
