1.003391521791271668e+00
1.001832446702147550e+00
1.000690371528948130e+00
1.001203514808050254e+00
1.001170422880456323e+00
1.001732621466332462e+00
1.000847929071982056e+00
1.001018408917203395e+00
9.998898072941648785e-01
9.995748873320362549e-01
1.000266620480087409e+00
1.000044153280258419e+00
1.000920534267141671e+00
1.003517305900233136e+00
1.007311907376535087e+00
9.996827202554395830e-01
9.964719269377279032e-01
9.939089438485225747e-01
9.953175245018901496e-01
9.996392376797934576e-01
1.000641589961367872e+00
1.000718606157178225e+00
9.990387728969147840e-01
1.000791688640222166e+00
9.995387126786793308e-01
9.993276280559592051e-01
9.995458176932483507e-01
1.000230790829765626e+00
9.999254639693779811e-01
9.999109726153517785e-01
1.000231429463797284e+00
1.001844493967471994e+00
1.001864848853695866e+00
1.013270757160687374e+00
1.000854726132511585e+00
9.899542492193269538e-01
9.909016313608515203e-01
9.930503889655066807e-01
9.936536441399047570e-01
1.003661256874052166e+00
1.001114835422025839e+00
1.001129578799145881e+00
1.000017356282222103e+00
1.000214323982698827e+00
1.000445934013223015e+00
1.000622979395115575e+00
1.000776149621238842e+00
1.000950068665965587e+00
1.001285421142223520e+00
9.998455745999278443e-01
1.003889358661043341e+00
1.007526510293907496e+00
1.015310134977701173e+00
1.017676944989915677e+00
1.006846479319171594e+00
9.793426499334684232e-01
9.821937771713263876e-01
9.817132312045572240e-01
9.822969783879816896e-01
1.006036788879879795e+00
