2.720766799754630774e+06
2.715236553887386806e+06
2.707442379025179893e+06
2.698871280232891440e+06
2.690088786086793058e+06
2.681348235311275814e+06
2.672750021822059527e+06
2.664354704083558172e+06
2.656151975425084122e+06
2.648149336012556218e+06
2.640374791257255245e+06
2.632785329867566936e+06
2.625311896806161851e+06
2.617996573835474905e+06
2.610723410403776448e+06
2.603556541953079868e+06
2.596513656248733401e+06
2.589550732659026049e+06
2.582705989880415611e+06
2.576064717880671378e+06
2.569558313594823703e+06
2.563160878209021874e+06
2.556912401227299590e+06
2.550849755807925947e+06
2.544958994840957224e+06
2.539330476783404127e+06
2.533995758104549721e+06
2.529029605195331853e+06
2.524473681008582935e+06
2.520342919165787753e+06
2.516531139504049439e+06
2.513039223203010391e+06
2.509998249420504551e+06
2.507342072330316529e+06
2.505020856458546594e+06
2.503056613150311168e+06
2.501333255295176059e+06
2.499803748586195055e+06
2.498437977766868658e+06
2.497151722804534715e+06
2.495979354137350339e+06
2.494881186015584040e+06
2.493885215453971177e+06
2.492926202085643541e+06
2.492022932412082329e+06
2.491158658355229534e+06
2.490339310655334964e+06
2.489512721325025894e+06
2.488724546763687395e+06
2.487967189824474044e+06
2.487174285809506662e+06
2.486308914230068214e+06
2.485372944679387845e+06
2.484338381966167130e+06
2.483289543351022527e+06
2.482153262216546573e+06
2.480994497161849868e+06
2.479742014659091830e+06
2.478399382475010119e+06
2.476982005929539911e+06
2.475466137155888602e+06
2.473857225447458681e+06
2.472125595789590850e+06
2.470259985507803503e+06
2.468264236172798090e+06
2.466210132693418767e+06
2.464119166019873694e+06
2.461999283394077793e+06
2.459778704586290754e+06
2.457498369287429377e+06
2.455135266059442423e+06
2.452695436651659198e+06
2.450204791109183803e+06
2.447644953901181929e+06
2.445012347566039301e+06
2.442349844322384335e+06
2.439650692486005835e+06
2.436877674731408246e+06
2.434044412135385908e+06
2.431172800620027818e+06
2.428279914839523844e+06
2.425372161284373142e+06
2.422410745893633924e+06
2.419342181452036835e+06
2.416267207284884527e+06
2.413175452968963422e+06
2.410086786558558233e+06
2.407027921801085584e+06
2.403990216459993273e+06
2.400928387372063473e+06
2.397919485210064799e+06
2.394882864147547632e+06
2.391874614605510607e+06
2.388915223055088427e+06
2.386020837383665144e+06
2.383193194980462082e+06
2.380373194217844866e+06
2.377558758264887147e+06
2.374768472051447257e+06
2.371998684518962167e+06
