1.021892286472722190e+06
8.590879631567719625e+05
7.174994336413573474e+05
5.982261619554702193e+05
5.003491220036871382e+05
4.204798531481776154e+05
3.546209336111540906e+05
2.996562959959065774e+05
2.550252639277880371e+05
2.149673923700164014e+05
1.802621633069464588e+05
1.508963339735619957e+05
1.253652858574796701e+05
1.042837373475050263e+05
8.686947111451945966e+04
7.375223833310208283e+04
6.296867702608893160e+04
5.353769043893161870e+04
4.661054723917633964e+04
4.079821574829822930e+04
3.526313925754652882e+04
2.888368228507007734e+04
2.318087548372986930e+04
1.862703283817949705e+04
1.375935937212101453e+04
8.524227674277219194e+03
4.509189443556943843e+03
2.935414414444431713e+03
7.679788807306822491e+02
-6.669673856446320315e+02
-1.547116374364735293e+03
-3.415458659864075798e+03
-5.125095343653934833e+03
-6.887052185076572641e+03
-8.004553604920116413e+03
-8.303527660173605909e+03
-8.016032325643202057e+03
-7.598605981947702276e+03
-6.476242379290752069e+03
-5.999368462222254493e+03
-3.635488933741275105e+03
-9.552164874384279756e+02
1.062273647100036442e+03
2.119909687040409153e+03
3.207667596510473231e+03
2.352616140885042114e+03
1.286730929691657366e+02
-6.878305500598607978e+02
-1.414617979755737906e+03
-2.124837835099861422e+03
-2.613137540056008220e+03
-2.790498950173069716e+03
-3.479864387377047478e+03
-2.620283134242647975e+03
-1.563576855703400270e+03
2.922489481988088755e+02
1.454849302922387096e+03
7.119246178406528998e+02
-5.187612421586222808e+02
-3.726356010104054803e+02
1.929050942008196898e+03
2.605494530992978980e+03
4.589809607968005366e+03
6.182198399762140980e+03
7.055552795701674768e+03
7.253061491060407207e+03
5.237453616938874802e+03
3.565724205176787109e+03
1.840364642210319289e+03
3.383025984556625190e+02
3.229755542391239942e+02
3.894185126068998215e+03
8.124470846117365909e+03
1.175500864850931976e+04
1.565433263311345945e+04
1.829615499530706438e+04
2.027923702638708346e+04
2.016176738466387178e+04
2.073850359874267815e+04
1.921828255154187718e+04
1.704573569834132286e+04
1.467868022465232752e+04
1.309421264628249992e+04
1.302147148758221556e+04
1.383908837277974999e+04
1.346650046112233031e+04
1.168352257865464344e+04
1.055104475492529491e+04
9.077742457725462373e+03
6.547617132588253298e+03
5.608090774604079343e+03
4.417123405205882591e+03
4.797761730167983842e+03
4.236766592263516031e+03
5.042497869006079782e+03
7.164135194284916906e+03
7.479294724916994710e+03
9.036700431350629515e+03
1.053310932350096664e+04
1.082773360884982503e+04
