6.929481461667522090e+05
6.541210807748334482e+05
6.140235838972090278e+05
5.748715361083823955e+05
5.375900233221309027e+05
5.021154783318411792e+05
4.685771278002053732e+05
4.364758521204797435e+05
4.064746472200179705e+05
3.777289034753412707e+05
3.506146655052860151e+05
3.250824160063464078e+05
3.010576702577392571e+05
2.789077949762451462e+05
2.584507801331084920e+05
2.395995650339886197e+05
2.219146925907624536e+05
2.052748608576946426e+05
1.899171948231587303e+05
1.759543951057782688e+05
1.627741910269989166e+05
1.498806305934377888e+05
1.378381212944113649e+05
1.265992869410789863e+05
1.157924416579581739e+05
1.055018420710275677e+05
9.568011605296000198e+04
8.708929696162111941e+04
7.905107039802162035e+04
7.153721994831666234e+04
6.460234655781120091e+04
5.806808558887110848e+04
5.217460863489788608e+04
4.693106695823287009e+04
4.208623307747150102e+04
3.785602982230792986e+04
3.431475105541128869e+04
3.143233071193179057e+04
2.900100655830484902e+04
2.657271337738778311e+04
2.457310113255319447e+04
2.270887772951670195e+04
2.091863429246237502e+04
1.915833718659723672e+04
1.753315677072658218e+04
1.568152122396897357e+04
1.339560494232362544e+04
1.157038463506673725e+04
9.740497044227442530e+03
8.072192051849746349e+03
6.301714117914350936e+03
4.853610731846908493e+03
3.739196335139561143e+03
2.648211065456320739e+03
1.754768741421693903e+03
1.034872378835340442e+03
2.263800459993574350e+02
-8.045574593850487872e+02
-1.861893190316358186e+03
-2.459180099752917158e+03
-2.722403749905098266e+03
-3.124018971927313942e+03
-3.155199899118530084e+03
-3.158757412682462927e+03
-3.092139256394944823e+03
-2.751007213225792839e+03
-2.345202670617965850e+03
-1.990328040810372840e+03
-1.429354735044801600e+03
-7.172821096741208748e+02
8.502006898439503857e+01
1.526600926007714406e+03
2.792104182238894282e+03
3.928325560356388451e+03
5.436136816718642876e+03
6.857269819154113065e+03
8.432451902159460587e+03
9.363439663268316508e+03
1.028412268699883680e+04
1.075966550819895565e+04
1.093493696427135365e+04
1.110159657457049980e+04
1.125752319352512131e+04
1.144849678831864730e+04
1.178022053002476787e+04
1.189663399031549670e+04
1.176983924001310515e+04
1.166253185117867906e+04
1.132660313056613268e+04
1.089494377411450841e+04
1.030433925267739323e+04
9.517590696639970702e+03
8.967593318031278613e+03
8.319504263107255611e+03
7.970569784436145710e+03
7.603707692728297843e+03
6.916715512847353239e+03
6.446270774077194801e+03
6.037018497175605262e+03
5.192123783218074095e+03
