5.000000000000000000e+00 1.000000000000000000e+00 -5.739897489547729492e-03 1.510798931121826172e-03 2.997100353240966797e-03 1.917889714241027832e-02 2.296879887580871582e-02 2.810769900679588318e-02 2.310900017619132996e-02 1.931149885058403015e-02 1.297040097415447235e-02 1.736779883503913879e-02 1.568124070763587952e-02 9.777689352631568909e-03 5.591370165348052979e-03 2.624969929456710815e-03 1.184886088594794273e-03 3.997890744358301163e-04 9.774470236152410507e-04 2.127659972757101059e-04
5.000000000000000000e+00 1.500000000000000000e+00 5.116604268550872803e-03 -2.042300999164581299e-03 1.164370030164718628e-02 1.415330171585083008e-02 1.974260061979293823e-02 1.723240315914154053e-02 1.455129683017730713e-02 1.346519961953163147e-02 2.039070054888725281e-02 8.357999846339225769e-03 7.853699848055839539e-03 6.093639880418777466e-03 6.241940427571535110e-03 3.546448890119791031e-03 2.413701964542269707e-03 6.222039810381829739e-04 4.153909976594150066e-04 8.294520666822791100e-04
5.000000000000000000e+00 2.000000000000000000e+00 4.151999950408935547e-03 1.738294959068298340e-03 9.190201759338378906e-03 1.094390451908111572e-02 8.877802640199661255e-03 1.496709883213043213e-02 1.407779939472675323e-02 1.148630119860172272e-02 1.167159900069236755e-02 1.577639952301979065e-02 9.525310248136520386e-03 2.446969971060752869e-03 2.312009921297430992e-03 1.786170061677694321e-03 1.365730073302984238e-03 6.112239789217710495e-04 7.938860217109322548e-04 1.868859835667535663e-04
5.000000000000000000e+00 2.500000000000000000e+00 3.650899976491928101e-03 1.702196896076202393e-03 9.165700525045394897e-03 1.051859557628631592e-02 1.152729988098144531e-02 8.828099817037582397e-03 1.264739781618118286e-02 1.953099854290485382e-02 1.091939955949783325e-02 5.469201132655143738e-03 6.646509747952222824e-03 4.714420065283775330e-03 2.691900124773383141e-03 1.895879977382719517e-03 1.581892953254282475e-03 3.781740088015794754e-04 3.952959959860891104e-04 4.171899927314370871e-04
5.000000000000000000e+00 3.000000000000000000e+00 -8.374799042940139771e-03 6.559796631336212158e-03 1.615520194172859192e-02 9.810302406549453735e-03 4.510898143053054810e-03 1.061850041151046753e-02 9.577998891472816467e-03 1.291320100426673889e-02 7.277099415659904480e-03 1.095402054488658905e-02 6.067819893360137939e-03 4.187379963696002960e-03 5.485809873789548874e-03 1.606428064405918121e-03 1.196190132759511471e-03 -2.539998968131840229e-05 3.915530396625399590e-04 1.741339801810681820e-04
5.000000000000000000e+00 3.500000000000000000e+00 3.511797636747360229e-03 1.287899911403656006e-03 5.612101405858993530e-03 1.811299473047256470e-03 1.701309904456138611e-02 1.648950204253196716e-02 6.101800128817558289e-03 1.083669997751712799e-02 1.179779879748821259e-02 9.676599875092506409e-03 7.523940410465002060e-03 3.860869910567998886e-03 2.817329950630664825e-03 9.474998805671930313e-04 1.371148042380809784e-03 1.518430071882903576e-04 3.601480275392532349e-04 0.000000000000000000e+00
5.000000000000000000e+00 4.000000000000000000e+00 1.405819877982139587e-02 1.217100769281387329e-03 2.117499709129333496e-03 3.156997263431549072e-03 2.854801714420318604e-03 -6.154999136924743652e-04 6.043201312422752380e-03 1.776940003037452698e-02 9.267200715839862823e-03 9.168909862637519836e-03 6.058020051568746567e-03 5.713219754397869110e-03 2.600249834358692169e-03 6.077900761738419533e-04 8.646959904581308365e-04 6.887110066600143909e-04 4.366810026112943888e-04 0.000000000000000000e+00
5.000000000000000000e+00 4.500000000000000000e+00 8.002899587154388428e-03 -2.018600702285766602e-03 -7.283199578523635864e-03 7.165301591157913208e-03 7.925901561975479126e-03 1.086020097136497498e-02 4.883898422122001648e-03 1.054809987545013428e-02 1.073169987648725510e-02 1.112939044833183289e-02 8.573560044169425964e-03 4.709359724074602127e-03 1.709280069917440414e-03 1.460539991967380047e-03 -2.065500011667609215e-04 9.413089719600975513e-04 2.004760026466101408e-04 6.875980179756879807e-04
5.000000000000000000e+00 5.000000000000000000e+00 -8.366100490093231201e-03 1.969397068023681641e-03 2.251401543617248535e-03 7.439099252223968506e-03 1.243799924850463867e-02 1.974701881408691406e-03 1.094109937548637390e-02 9.481901302933692932e-03 5.478400737047195435e-03 7.402339484542608261e-03 6.898819934576749802e-03 2.921740058809518814e-03 3.539960132911801338e-03 -4.404899664223194122e-04 9.517749422229826450e-04 -3.932500840164721012e-05 2.392339956713840365e-04 4.670109774451702833e-04
5.000000000000000000e+00 5.500000000000000000e+00 -7.317997515201568604e-04 -4.431977868080139160e-04 -4.560127854347229004e-05 2.870000898838043213e-04 -7.201991975307464600e-04 1.324880123138427734e-02 5.998101085424423218e-03 1.192310079932212830e-02 5.932100117206573486e-03 5.037540569901466370e-03 4.584859590977430344e-03 1.801840029656887054e-03 4.294798709452152252e-04 6.996619631536304951e-04 1.153780031017959118e-03 -2.965929743368178606e-04 0.000000000000000000e+00 2.463049895595759153e-04

6.000000000000000000e+00 1.000000000000000000e+00 -4.037398099899291992e-02 8.008320629596710205e-02 -3.970839828252792358e-02 -4.017350077629089355e-02 -3.981798887252807617e-02 7.999089360237121582e-02 8.015590906143188477e-02 -3.989169746637344360e-02 -4.026502370834350586e-02 4.264601739123463631e-05 1.519369980087503791e-04 -1.473449956392869353e-04 -1.586400176165625453e-04 1.012700085993856192e-04 2.124900202034041286e-04 1.996590144699439406e-04 -2.033839991781860590e-04 -1.640798291191458702e-05
6.000000000000000000e+00 1.500000000000000000e+00 -3.620398044586181641e-02 7.591259479522705078e-02 -3.970880061388015747e-02 -3.712530061602592468e-02 -4.338300228118896484e-02 8.050820231437683105e-02 7.385139167308807373e-02 -3.795909881591796875e-02 -3.589200973510742188e-02 -6.813500658608973026e-05 8.415000047534704208e-05 -7.529200229328125715e-05 -1.477309997426345944e-04 4.727099440060555935e-05 2.276849845657125115e-04 3.541100304573774338e-04 -1.685010065557435155e-04 2.387489948887377977e-04
6.000000000000000000e+00 2.000000000000000000e+00 -3.160095214843750000e-02 7.012549787759780884e-02 -3.852429986000061035e-02 -3.333880007266998291e-02 -4.288899898529052734e-02 7.622799277305603027e-02 6.444589793682098389e-02 -3.516829758882522583e-02 -2.927798032760620117e-02 -1.891498686745762825e-05 1.898760092444717884e-04 -1.717219856800511479e-04 -1.037709880620241165e-04 7.387102232314646244e-05 1.473399897804483771e-04 2.613830147311091423e-04 -1.633420179132372141e-04 6.795101216994225979e-05
6.000000000000000000e+00 2.500000000000000000e+00 -2.759999036788940430e-02 6.435430049896240234e-02 -3.675349801778793335e-02 -2.916070073843002319e-02 -4.070901870727539062e-02 6.987039744853973389e-02 5.486389994621276855e-02 -3.208959847688674927e-02 -2.277404069900512695e-02 1.305970072280615568e-04 1.938370114658027887e-04 7.131398888304829597e-05 -5.891900218557566404e-05 5.335500463843345642e-05 2.933499927166849375e-04 3.142249770462512970e-04 -1.134490157710388303e-04 1.130239979829639196e-04
6.000000000000000000e+00 3.000000000000000000e+00 -2.431803941726684570e-02 5.888839811086654663e-02 -3.457000106573104858e-02 -2.499870024621486664e-02 -3.767299652099609375e-02 6.267130374908447266e-02 4.715240374207496643e-02 -2.891099825501441956e-02 -1.824200153350830078e-02 7.341901073232293129e-05 2.264119830215349793e-04 -6.099898018874228001e-05 -5.582199082709848881e-05 1.548480067867785692e-04 2.832899917848408222e-04 3.533730050548911095e-04 -8.879300730768591166e-05 2.080449776258319616e-04
6.000000000000000000e+00 3.500000000000000000e+00 -2.195698022842407227e-02 5.542960017919540405e-02 -3.347279876470565796e-02 -2.207239903509616852e-02 -3.394901752471923828e-02 5.602059885859489441e-02 4.210279881954193115e-02 -2.594699896872043610e-02 -1.615500450134277344e-02 -1.798620214685797691e-04 9.135500295087695122e-05 -1.505739928688853979e-04 -1.199569960590451956e-04 -8.901988621801137924e-06 9.937697905115783215e-05 1.461289939470589161e-04 -7.060400093905627728e-05 6.414600647985935211e-05
6.000000000000000000e+00 4.000000000000000000e+00 -2.107000350952148438e-02 5.385990440845489502e-02 -3.278949856758117676e-02 -1.990119926631450653e-02 -3.066700696945190430e-02 5.056770145893096924e-02 3.896630182862281799e-02 -2.369290031492710114e-02 -1.527297496795654297e-02 1.023799995891749859e-04 1.795720017980784178e-04 -9.874299576040357351e-05 -2.127949992427602410e-04 1.247939944732934237e-04 3.495749842841178179e-04 3.296929644420742989e-04 -1.840190088842064142e-04 9.668202255852520466e-05
6.000000000000000000e+00 4.500000000000000000e+00 -1.781302690505981445e-02 4.983090609312057495e-02 -3.202000260353088379e-02 -1.729640178382396698e-02 -2.730500698089599609e-02 4.460150003433227539e-02 3.381119668483734131e-02 -2.133950218558311462e-02 -1.247197389602661133e-02 2.492402563802897930e-05 2.562159788794815540e-04 -2.557502011768519878e-05 1.352999242953956127e-05 3.107119991909712553e-04 3.099190071225166321e-04 2.150940126739442348e-04 -7.173400081228464842e-05 2.969100023619830608e-05
6.000000000000000000e+00 5.000000000000000000e+00 -1.734298467636108398e-02 4.782230406999588013e-02 -3.047979995608329773e-02 -1.575239934027194977e-02 -2.356797456741333008e-02 3.932030126452445984e-02 3.008570149540901184e-02 -1.958989724516868591e-02 -1.049602031707763672e-02 -1.972017344087362289e-06 3.328101593069732189e-05 -1.051198341883718967e-05 -1.378410088364034891e-04 1.735480036586523056e-04 3.276190254837274551e-04 2.213909901911392808e-04 -1.598719827597960830e-04 2.414200571365654469e-05
6.000000000000000000e+00 5.500000000000000000e+00 -1.602202653884887695e-02 4.547249525785446167e-02 -2.944830060005187988e-02 -1.383130066096782684e-02 -2.135902643203735352e-02 3.518969938158988953e-02 2.734019979834556580e-02 -1.754929870367050171e-02 -9.791970252990722656e-03 1.957289932761341333e-04 4.885098314844071865e-05 -7.618700328748673201e-05 -1.202160055981948972e-04 -8.884101407602429390e-05 3.088901576120406389e-05 9.473100362811237574e-05 -1.043016964104026556e-04 -3.973301500082015991e-05

7.000000000000000000e+00 1.000000000000000000e+00 -8.465099334716796875e-02 1.323541998863220215e-01 -4.770274832844734192e-02 -4.816577956080436707e-02 -8.350199460983276367e-02 1.316678971052169800e-01 1.321959048509597778e-01 -4.791526123881340027e-02 -8.428102731704711914e-02 1.209230103995651007e-04 2.278209867654368281e-04 -1.887129910755902529e-04 -2.250293036922812462e-04 2.383239916525781155e-04 3.024030011147260666e-04 1.902840012917295098e-04 -2.661878825165331364e-04 -4.551984602585434914e-06
7.000000000000000000e+00 1.500000000000000000e+00 -7.637101411819458008e-02 1.249116063117980957e-01 -4.854039102792739868e-02 -4.540850967168807983e-02 -8.911901712417602539e-02 1.345271915197372437e-01 1.263683885335922241e-01 -4.640518128871917725e-02 -7.996302843093872070e-02 2.255880099255591631e-04 2.851169847417622805e-04 -1.602709962753579021e-04 -2.099929988617077470e-04 8.044997230172157288e-06 1.909999846247956157e-04 3.490460221655666828e-04 -1.862310018623247743e-04 2.478690294083207846e-04
7.000000000000000000e+00 2.000000000000000000e+00 -6.830495595932006836e-02 1.166444942355155945e-01 -4.834099858999252319e-02 -4.192679002881050110e-02 -9.014797210693359375e-02 1.320749968290328979e-01 1.149809062480926514e-01 -4.411282017827033997e-02 -7.086801528930664062e-02 1.518220233265310526e-04 3.645319957286119461e-04 -1.498949859524145722e-04 -1.377569860778748989e-04 1.306210178881883621e-04 2.409329899819567800e-04 3.358590183779597282e-04 -1.578350202180445194e-04 8.327400428242981434e-05
7.000000000000000000e+00 2.500000000000000000e+00 -6.128996610641479492e-02 1.084713041782379150e-01 -4.718120023608207703e-02 -3.781152144074440002e-02 -8.687502145767211914e-02 1.246864050626754761e-01 1.017049029469490051e-01 -4.101850092411041260e-02 -6.068599224090576172e-02 8.150900248438119888e-05 1.567080034874379635e-04 4.995003109797835350e-06 -1.116159983212128282e-04 2.057200181297957897e-04 4.257089749444276094e-04 4.903299850411713123e-04 -1.500600192230194807e-04 2.839219814632087946e-04
7.000000000000000000e+00 3.000000000000000000e+00 -5.576902627944946289e-02 1.018163934350013733e-01 -4.604870080947875977e-02 -3.358810022473335266e-02 -8.249795436859130859e-02 1.160853058099746704e-01 9.047248959541320801e-02 -3.790889680385589600e-02 -5.256301164627075195e-02 7.910400745458900928e-05 2.382449893048033118e-04 -1.942879898706451058e-04 -9.314098861068487167e-05 4.151940229348838329e-04 4.658870166167616844e-04 3.472489770501852036e-04 -1.254880044143646955e-04 1.929370046127587557e-04
7.000000000000000000e+00 3.500000000000000000e+00 -5.117297172546386719e-02 9.646859765052795410e-02 -4.529519751667976379e-02 -3.008209913969039917e-02 -7.587200403213500977e-02 1.059536039829254150e-01 8.146910369396209717e-02 -3.481389954686164856e-02 -4.665499925613403320e-02 -2.341140061616897583e-04 1.369797973893582821e-05 -1.834080030675977468e-04 -1.094159961212426424e-04 4.075250180903822184e-04 5.177899729460477829e-04 4.996110219508409500e-04 -4.153700137976557016e-05 4.252900253050029278e-04
7.000000000000000000e+00 4.000000000000000000e+00 -4.702097177505493164e-02 9.185490012168884277e-02 -4.483389854431152344e-02 -2.712069824337959290e-02 -6.883698701858520508e-02 9.595670551061630249e-02 7.247990369796752930e-02 -3.230170160531997681e-02 -4.017800092697143555e-02 -7.453198486473411322e-05 -7.508002454414963722e-06 -9.264399704989045858e-05 -2.878829836845397949e-04 9.819903061725199223e-05 3.837690164800733328e-04 1.923829986480996013e-04 -1.935530017362907529e-04 -1.097949862014502287e-04
7.000000000000000000e+00 4.500000000000000000e+00 -4.249000549316406250e-02 8.701889961957931519e-02 -4.452960193157196045e-02 -2.394540235400199890e-02 -6.263500452041625977e-02 8.657989650964736938e-02 6.568720191717147827e-02 -2.945380099117755890e-02 -3.623294830322265625e-02 1.471300492994487286e-05 2.183690085075795650e-04 -1.378500019200146198e-04 -4.445989907253533602e-05 4.239910049363970757e-04 4.413659917190670967e-04 3.459059807937592268e-04 -1.051630024448968470e-04 2.260790206491947174e-04
7.000000000000000000e+00 5.000000000000000000e+00 -4.037898778915405273e-02 8.329729735851287842e-02 -4.291869699954986572e-02 -2.160200104117393494e-02 -5.546098947525024414e-02 7.706300914287567139e-02 5.878030136227607727e-02 -2.702909894287586212e-02 -3.175103664398193359e-02 1.658449764363467693e-04 2.154429967049509287e-04 -2.327999827684834599e-04 -1.316020061494782567e-04 3.237870405428111553e-04 4.553089966066181660e-04 3.597929608076810837e-04 -2.016891958191990852e-04 1.682809961494058371e-04
7.000000000000000000e+00 5.500000000000000000e+00 -3.755599260330200195e-02 7.965850085020065308e-02 -4.210170358419418335e-02 -1.917409896850585938e-02 -5.039101839065551758e-02 6.956529617309570312e-02 5.384720489382743835e-02 -2.443639934062957764e-02 -2.941095829010009766e-02 1.695159880910068750e-04 8.494398207403719425e-05 -6.127200322225689888e-05 -1.525367988506332040e-04 1.407339877914637327e-04 3.230799920856952667e-04 4.548109718598425388e-04 -9.577150194672867656e-05 3.423730086069554090e-04

8.000000000000000000e+00 1.000000000000000000e+00 -1.371819972991943359e-01 1.884772032499313354e-01 -5.129488930106163025e-02 -5.174925178289413452e-02 -1.367920041084289551e-01 1.885398924350738525e-01 1.884099096059799194e-01 -5.152763053774833679e-02 -1.368830204010009766e-01 2.234159910585731268e-04 3.092419938184320927e-04 -2.565379836596548557e-04 -2.672862028703093529e-04 1.714029931463301182e-04 2.408830187050625682e-04 3.007079940289258957e-04 -2.995996910613030195e-04 1.336660061497241259e-04
8.000000000000000000e+00 1.500000000000000000e+00 -1.259199976921081543e-01 1.789156049489974976e-01 -5.299611017107963562e-02 -4.905021935701370239e-02 -1.434029936790466309e-01 1.924531906843185425e-01 1.862173974514007568e-01 -5.076771974563598633e-02 -1.354500055313110352e-01 2.361639926675707102e-04 3.232210001442581415e-04 -1.926558907143771648e-04 -2.607129863463342190e-04 5.688998498953878880e-05 2.138540003215894103e-04 3.276850329712033272e-04 -2.440614916849881411e-04 2.139520074706524611e-04
8.000000000000000000e+00 2.000000000000000000e+00 -1.157670021057128906e-01 1.696445047855377197e-01 -5.387797951698303223e-02 -4.636101052165031433e-02 -1.460160017013549805e-01 1.923770010471343994e-01 1.759438961744308472e-01 -4.938191920518875122e-02 -1.265609860420227051e-01 1.854030124377459288e-04 3.926769713871181011e-04 -2.209889935329556465e-04 -1.775794953573495150e-04 1.705060130916535854e-04 2.648800145834684372e-04 4.429080290719866753e-04 -2.150074142264202237e-04 2.018820086959749460e-04
8.000000000000000000e+00 2.500000000000000000e+00 -1.065070033073425293e-01 1.608313024044036865e-01 -5.432464182376861572e-02 -4.306691139936447144e-02 -1.453099846839904785e-01 1.883773952722549438e-01 1.634449064731597900e-01 -4.728630930185317993e-02 -1.161580085754394531e-01 6.130500696599483490e-05 1.040450006257742643e-04 -7.066300167934969068e-05 -1.646719028940424323e-04 1.314090040978044271e-04 3.392789803911000490e-04 4.738259594887495041e-04 -1.916934124892577529e-04 2.973169612232595682e-04
8.000000000000000000e+00 3.000000000000000000e+00 -9.804701805114746094e-02 1.520304083824157715e-01 -5.398340150713920593e-02 -3.919085115194320679e-02 -1.415129899978637695e-01 1.807032972574234009e-01 1.486684978008270264e-01 -4.480133950710296631e-02 -1.038669943809509277e-01 1.700989960227161646e-04 2.889420138671994209e-04 -2.603259927127510309e-04 -1.484137028455734253e-04 3.917579888366162777e-04 4.565729759633541107e-04 6.358569953590631485e-04 -1.375977008137851954e-04 5.092429928481578827e-04
8.000000000000000000e+00 3.500000000000000000e+00 -9.115600585937500000e-02 1.455215960741043091e-01 -5.436629801988601685e-02 -3.579761087894439697e-02 -1.351609826087951660e-01 1.709586083889007568e-01 1.378690898418426514e-01 -4.204579815268516541e-02 -9.582298994064331055e-02 3.675901098176836967e-05 3.195519966538995504e-04 -3.249240107834339142e-04 -1.779321901267394423e-04 3.823340230155736208e-04 4.370649694465100765e-04 7.993879844434559345e-04 -1.331355015281587839e-04 7.355149718932807446e-04
8.000000000000000000e+00 4.000000000000000000e+00 -8.496397733688354492e-02 1.393948942422866821e-01 -5.443049967288970947e-02 -3.286030888557434082e-02 -1.259030103683471680e-01 1.587626934051513672e-01 1.246308982372283936e-01 -3.971840068697929382e-02 -8.491301536560058594e-02 1.006380189210176468e-04 2.248769742436707020e-04 -9.854900417849421501e-05 -2.550120116211473942e-04 1.842850178945809603e-04 5.398009670898318291e-04 6.178119801916182041e-04 -2.065470034722238779e-04 3.127589880023151636e-04
8.000000000000000000e+00 4.500000000000000000e+00 -7.788401842117309570e-02 1.322739124298095703e-01 -5.439060181379318237e-02 -2.917756140232086182e-02 -1.177009940147399902e-01 1.468779146671295166e-01 1.141952052712440491e-01 -3.662600368261337280e-02 -7.756894826889038086e-02 3.190489951521158218e-04 4.909330164082348347e-04 -1.585130085004493594e-04 -4.238900146447122097e-05 4.567700088955461979e-04 4.769669612869620323e-04 6.029279902577400208e-04 -1.382422051392495632e-04 4.511669976636767387e-04
8.000000000000000000e+00 5.000000000000000000e+00 -7.396697998046875000e-02 1.275113075971603394e-01 -5.354459583759307861e-02 -2.671273984014987946e-02 -1.069819927215576172e-01 1.336950063705444336e-01 1.040195971727371216e-01 -3.414769843220710754e-02 -6.987202167510986328e-02 -2.567202318459749222e-05 4.279802669771015644e-05 -2.033079945249482989e-04 -1.814239949453622103e-04 1.404180075041949749e-04 3.497619763948023319e-04 6.173289730213582516e-04 -1.911197905428707600e-04 4.303810128476470709e-04
8.000000000000000000e+00 5.500000000000000000e+00 -6.896299123764038086e-02 1.218344941735267639e-01 -5.286980420351028442e-02 -2.382710017263889313e-02 -9.742301702499389648e-02 1.212493032217025757e-01 9.367649257183074951e-02 -3.148949891328811646e-02 -6.218796968460083008e-02 2.664619823917746544e-04 1.901049690786749125e-04 -9.979600145015865564e-05 -1.818297023419290781e-04 3.884649777319282293e-04 5.256920121610164642e-04 3.908110084012150764e-04 -1.185603978228755295e-04 2.732029824983328581e-04

9.000000000000000000e+00 1.000000000000000000e+00 -1.947959661483764648e-01 2.474861890077590942e-01 -5.269045382738113403e-02 -5.313415825366973877e-02 -1.937800049781799316e-01 2.469139099121093750e-01 2.469109147787094116e-01 -5.285770818591117859e-02 -1.940529942512512207e-01 1.678600092418491840e-04 2.501980052329599857e-04 -2.739079936873167753e-04 -2.970593050122261047e-04 1.789729867596179247e-04 2.164789912058040500e-04 3.474070108495652676e-04 -3.307783917989581823e-04 1.886569953057914972e-04
9.000000000000000000e+00 1.500000000000000000e+00 -1.829460263252258301e-01 2.380136102437973022e-01 -5.506744980812072754e-02 -5.047439411282539368e-02 -2.005239725112915039e-01 2.509981989860534668e-01 2.478653937578201294e-01 -5.253607407212257385e-02 -1.953300237655639648e-01 1.410160039085894823e-04 1.896040048450231552e-04 -2.319607010576874018e-04 -2.914200886152684689e-04 2.159179712180048227e-04 3.503650077618658543e-04 3.072789986617863178e-04 -2.713165886234492064e-04 2.169449871871620417e-04
9.000000000000000000e+00 2.000000000000000000e+00 -1.713599562644958496e-01 2.284705042839050293e-01 -5.711127072572708130e-02 -4.818915948271751404e-02 -2.049599885940551758e-01 2.531499862670898438e-01 2.432639151811599731e-01 -5.207752808928489685e-02 -1.911860108375549316e-01 1.704810129012912512e-04 3.493219846859574318e-04 -2.358294877922162414e-04 -2.070569898933172226e-04 1.794960116967558861e-04 2.586870105005800724e-04 3.309720195829868317e-04 -2.266236115247011185e-04 1.091480080503970385e-04
9.000000000000000000e+00 2.500000000000000000e+00 -1.604459881782531738e-01 2.191362977027893066e-01 -5.868994817137718201e-02 -4.555115103721618652e-02 -2.068600058555603027e-01 2.524113953113555908e-01 2.349818944931030273e-01 -5.107857286930084229e-02 -1.839030385017395020e-01 2.174770052079111338e-04 2.253899874631315470e-04 -1.043037045747041702e-04 -1.938003988470882177e-04 1.889250124804675579e-04 3.646479744929820299e-04 3.426199546083807945e-04 -2.059597172774374485e-04 1.682099828030914068e-04
9.000000000000000000e+00 3.000000000000000000e+00 -1.511090397834777832e-01 2.106533944606781006e-01 -5.954486131668090820e-02 -4.230147972702980042e-02 -2.063480019569396973e-01 2.486493140459060669e-01 2.232605069875717163e-01 -4.946077987551689148e-02 -1.737999916076660156e-01 2.791939768940210342e-04 3.670289879664778709e-04 -2.811222802847623825e-04 -1.835610892158001661e-04 3.262949758209288120e-04 3.791180206462740898e-04 8.158179698511958122e-04 -1.770476956153288484e-04 7.245559245347976685e-04
9.000000000000000000e+00 3.500000000000000000e+00 -1.418249607086181641e-01 2.025295943021774292e-01 -6.070496886968612671e-02 -3.936260938644409180e-02 -2.034329771995544434e-01 2.427946180105209351e-01 2.127141058444976807e-01 -4.756677895784378052e-02 -1.651470065116882324e-01 1.554400078020989895e-04 3.937419678550213575e-04 -3.412000078242272139e-04 -1.946214906638488173e-04 4.016789898741990328e-04 4.479499766603112221e-04 6.263459799811244011e-04 -1.204944055643863976e-04 5.482180276885628700e-04
9.000000000000000000e+00 4.000000000000000000e+00 -1.340379714965820312e-01 1.958909034729003906e-01 -6.185405701398849487e-02 -3.676136955618858337e-02 -1.972180008888244629e-01 2.339797019958496094e-01 1.997348964214324951e-01 -4.588009044528007507e-02 -1.538549661636352539e-01 2.856730134226381779e-04 3.584470250643789768e-04 -1.624379947315901518e-04 -3.436484839767217636e-04 3.139220352750271559e-04 6.138939643278717995e-04 1.054656924679875374e-03 -2.519182162359356880e-04 7.768769282847642899e-04
9.000000000000000000e+00 4.500000000000000000e+00 -1.251569986343383789e-01 1.875728964805603027e-01 -6.241670250892639160e-02 -3.329238295555114746e-02 -1.888210177421569824e-01 2.221139073371887207e-01 1.859872043132781982e-01 -4.325440153479576111e-02 -1.427329778671264648e-01 1.611100160516798496e-04 4.062199732288718224e-04 -1.450999989174306393e-04 -9.378339746035635471e-05 7.452690042555332184e-04 7.766499766148626804e-04 1.012273947708308697e-03 -1.231534988619387150e-04 8.383420063182711601e-04
9.000000000000000000e+00 5.000000000000000000e+00 -1.184670329093933105e-01 1.808963119983673096e-01 -6.242999807000160217e-02 -3.074141032993793488e-02 -1.782159805297851562e-01 2.089570164680480957e-01 1.725855916738510132e-01 -4.101279750466346741e-02 -1.315730214118957520e-01 2.876009675674140453e-04 3.896680136676877737e-04 -1.775169948814436793e-04 -1.927074918057769537e-04 6.858789711259305477e-04 8.655270212329924107e-04 1.484289998188614845e-03 -1.661739952396601439e-04 1.223749015480279922e-03
9.000000000000000000e+00 5.500000000000000000e+00 -1.122199892997741699e-01 1.750034987926483154e-01 -6.278200447559356689e-02 -2.785539999604225159e-02 -1.678050160408020020e-01 1.956592947244644165e-01 1.591494977474212646e-01 -3.848040103912353516e-02 -1.206699609756469727e-01 3.190650022588670254e-04 3.581900091376155615e-04 -8.859600347932428122e-05 -1.771989045664668083e-04 6.545089418068528175e-04 8.535649976693093777e-04 8.983559673652052879e-04 -6.707899592583999038e-05 7.258509285748004913e-04

1.000000000000000000e+01 1.000000000000000000e+00 -2.539489865303039551e-01 3.070701956748962402e-01 -5.312089622020721436e-02 -5.357860028743743896e-02 -2.527790069580078125e-01 3.063569068908691406e-01 3.065159022808074951e-01 -5.334771052002906799e-02 -2.531680464744567871e-01 1.662569993641227484e-04 2.293620054842904210e-04 -2.963708830066025257e-04 -3.063355979975312948e-04 2.602339664008468390e-04 3.000930300913751125e-04 2.813740284182131290e-04 -3.509842790663242340e-04 1.325900084339082241e-04
1.000000000000000000e+01 1.500000000000000000e+00 -2.423880100250244141e-01 2.982196211814880371e-01 -5.583177879452705383e-02 -5.088360607624053955e-02 -2.588719725608825684e-01 3.097552061080932617e-01 3.095554113388061523e-01 -5.320055410265922546e-02 -2.563540339469909668e-01 1.400779874529689550e-04 1.990010205190628767e-04 -2.392411988694220781e-04 -3.045958874281495810e-04 2.133329689968377352e-04 3.421540022827684879e-04 3.583229845389723778e-04 -2.902213018387556076e-04 2.781779912766069174e-04
1.000000000000000000e+01 2.000000000000000000e+00 -2.315149903297424316e-01 2.900264859199523926e-01 -5.851263925433158875e-02 -4.876480251550674438e-02 -2.632910013198852539e-01 3.120560050010681152e-01 3.092258870601654053e-01 -5.315531417727470398e-02 -2.560700178146362305e-01 1.035169989336282015e-04 2.952369977720081806e-04 -2.496793749742209911e-04 -2.279117907164618373e-04 1.634650107007473707e-04 2.260059845866635442e-04 5.357839982025325298e-04 -2.582755114417523146e-04 3.251480229664593935e-04
1.000000000000000000e+01 2.500000000000000000e+00 -2.204679846763610840e-01 2.813633084297180176e-01 -6.089479848742485046e-02 -4.640136659145355225e-02 -2.670029997825622559e-01 3.134044110774993896e-01 3.061158955097198486e-01 -5.279802903532981873e-02 -2.533169984817504883e-01 2.466389851178973913e-04 2.732479770202189684e-04 -1.217148965224623680e-04 -2.245776995550841093e-04 7.915901369415223598e-05 2.430219901725649834e-04 6.117459852248430252e-04 -2.391230082139372826e-04 4.569649754557758570e-04
1.000000000000000000e+01 3.000000000000000000e+00 -2.103840112686157227e-01 2.730444073677062988e-01 -6.266090273857116699e-02 -4.357120022177696228e-02 -2.693029642105102539e-01 3.128742873668670654e-01 3.010325133800506592e-01 -5.208616703748703003e-02 -2.489470243453979492e-01 1.865460071712732315e-04 2.430009917588904500e-04 -3.082758921664208174e-04 -2.027442969847470522e-04 3.582939971238374710e-04 4.024099907837808132e-04 6.060770247131586075e-04 -1.835907023632898927e-04 5.041770637035369873e-04
1.000000000000000000e+01 3.500000000000000000e+00 -2.007240056991577148e-01 2.653295993804931641e-01 -6.460645794868469238e-02 -4.103877022862434387e-02 -2.700439691543579102e-01 3.110826015472412109e-01 2.937961220741271973e-01 -5.100508034229278564e-02 -2.427899837493896484e-01 1.132200122810900211e-04 3.352829662617295980e-04 -3.780775004997849464e-04 -2.379571960773319006e-04 1.956479973159730434e-04 2.328690025024116039e-04 6.835589883849024773e-04 -1.616172085050493479e-04 6.402339786291122437e-04
1.000000000000000000e+01 4.000000000000000000e+00 -1.922429800033569336e-01 2.587688863277435303e-01 -6.652627140283584595e-02 -3.879585862159729004e-02 -2.682459950447082520e-01 3.070417046546936035e-01 2.853069007396697998e-01 -5.026910081505775452e-02 -2.350379824638366699e-01 1.770500093698501587e-04 2.023089909926056862e-04 -2.457223890814930201e-04 -3.566817904356867075e-04 1.417760213371366262e-04 4.451350250747054815e-04 9.185170056298375130e-04 -2.521018031984567642e-04 6.641469663009047508e-04
1.000000000000000000e+01 4.500000000000000000e+00 -1.822990179061889648e-01 2.503089010715484619e-01 -6.801006197929382324e-02 -3.557059168815612793e-02 -2.650210261344909668e-01 3.005919158458709717e-01 2.729462087154388428e-01 -4.841015115380287170e-02 -2.245360016822814941e-01 1.019230112433433533e-04 2.377060009166598320e-04 -1.862630015239119530e-04 -1.038603004417382181e-04 6.849410128779709339e-04 7.218599785119295120e-04 1.361203962005674839e-03 -1.082972012227401137e-04 1.168841961771249771e-03
1.000000000000000000e+01 5.000000000000000000e+00 -1.747760176658630371e-01 2.435882985591888428e-01 -6.881355494260787964e-02 -3.327823057770729065e-02 -2.583969831466674805e-01 2.916750013828277588e-01 2.603726089000701904e-01 -4.695904999971389771e-02 -2.134130001068115234e-01 -3.414700040593743324e-05 3.126100637018680573e-05 -2.683709899429231882e-04 -2.160422009183093905e-04 3.525289939716458321e-04 5.199899896979331970e-04 7.928059785626828671e-04 -2.060730912489816546e-04 5.301630590111017227e-04
1.000000000000000000e+01 5.500000000000000000e+00 -1.665390133857727051e-01 2.363625168800354004e-01 -6.982218474149703979e-02 -3.054709918797016144e-02 -2.515389919281005859e-01 2.820862829685211182e-01 2.497114986181259155e-01 -4.503675922751426697e-02 -2.046759724617004395e-01 2.599150175228714943e-04 2.224059717264026403e-04 -1.501809892943128943e-04 -1.985322014661505818e-04 6.801489507779479027e-04 8.787549450062215328e-04 1.251265988685190678e-03 -6.840300193289294839e-05 1.053291023708879948e-03

1.100000000000000000e+01 1.000000000000000000e+00 -3.134489655494689941e-01 3.666982054710388184e-01 -5.324820429086685181e-02 -5.368950590491294861e-02 -3.127229809761047363e-01 3.664129078388214111e-01 3.664799034595489502e-01 -5.345629528164863586e-02 -3.130230307579040527e-01 1.916050096042454243e-04 2.459610113874077797e-04 -3.022088785655796528e-04 -3.133010468445718288e-04 2.145159814972430468e-04 2.454040222801268101e-04 3.183300141245126724e-04 -3.520407481119036674e-04 1.713990059215575457e-04
1.100000000000000000e+01 1.500000000000000000e+00 -3.031229972839355469e-01 3.592246174812316895e-01 -5.610202625393867493e-02 -5.096555873751640320e-02 -3.179299831390380859e-01 3.688952028751373291e-01 3.701204061508178711e-01 -5.337675288319587708e-02 -3.167430162429809570e-01 1.888900005724281073e-04 2.317230100743472576e-04 -2.590652438811957836e-04 -3.093401319347321987e-04 2.049269969575107098e-04 3.286279970780014992e-04 2.547750191297382116e-04 -2.949399349745362997e-04 1.762830070219933987e-04
1.100000000000000000e+01 2.000000000000000000e+00 -2.930359840393066406e-01 3.522295057773590088e-01 -5.919381603598594666e-02 -4.890022426843643188e-02 -3.221349716186523438e-01 3.710350096225738525e-01 3.726449012756347656e-01 -5.353351309895515442e-02 -3.191109895706176758e-01 9.793299250304698944e-05 2.735290036071091890e-04 -2.690592955332249403e-04 -2.355493634240701795e-04 1.979090156964957714e-04 2.570920041762292385e-04 3.771990304812788963e-04 -2.711397246457636356e-04 1.731469819787889719e-04
1.100000000000000000e+01 2.500000000000000000e+00 -2.824670076370239258e-01 3.443472981452941895e-01 -6.188081577420234680e-02 -4.662758111953735352e-02 -3.260599970817565918e-01 3.726873993873596191e-01 3.732359111309051514e-01 -5.347092077136039734e-02 -3.197650313377380371e-01 2.247439988423138857e-04 2.131560177076607943e-04 -1.555313938297331333e-04 -2.304946392541751266e-04 1.279120042454451323e-04 2.882789995055645704e-04 3.614419838413596153e-04 -2.543306036386638880e-04 2.209369849879294634e-04
1.100000000000000000e+01 3.000000000000000000e+00 -2.725630402565002441e-01 3.367474079132080078e-01 -6.418408453464508057e-02 -4.394624382257461548e-02 -3.301609754562377930e-01 3.741062879562377930e-01 3.726115226745605469e-01 -5.320066958665847778e-02 -3.194109797477722168e-01 2.703740028664469719e-04 3.387960023246705532e-04 -3.180252970196306705e-04 -2.193793770857155323e-04 3.373270155861973763e-04 3.764390130527317524e-04 6.506550125777721405e-04 -2.031496987910941243e-04 5.615140544250607491e-04
1.100000000000000000e+01 3.500000000000000000e+00 -2.633659839630126953e-01 3.300076127052307129e-01 -6.664127856492996216e-02 -4.156142100691795349e-02 -3.324339985847473145e-01 3.739956021308898926e-01 3.713411092758178711e-01 -5.267792940139770508e-02 -3.186630010604858398e-01 7.373979315161705017e-06 2.187830104958266020e-04 -4.022268985863775015e-04 -2.437381917843595147e-04 2.661589824128895998e-04 3.003000165335834026e-04 6.701009697280824184e-04 -1.667656033532693982e-04 6.200930220074951649e-04
1.100000000000000000e+01 4.000000000000000000e+00 -2.551289796829223633e-01 3.241369128227233887e-01 -6.900808960199356079e-02 -3.951783850789070129e-02 -3.337410092353820801e-01 3.732597231864929199e-01 3.677809238433837891e-01 -5.245383083820343018e-02 -3.153280019760131836e-01 2.469870378263294697e-04 2.527000033296644688e-04 -2.507928002160042524e-04 -3.811130009125918150e-04 7.334703695960342884e-05 3.589110274333506823e-04 7.575299823656678200e-04 -2.667997905518859625e-04 4.897640319541096687e-04
1.100000000000000000e+01 4.500000000000000000e+00 -2.445369958877563477e-01 3.158459067344665527e-01 -7.130918651819229126e-02 -3.659384697675704956e-02 -3.352410197257995605e-01 3.718349039554595947e-01 3.637632131576538086e-01 -5.161707103252410889e-02 -3.121459484100341797e-01 3.002100274898111820e-04 3.983519854955375195e-04 -2.590533113107085228e-04 -1.218867982970550656e-04 3.297409857623279095e-04 3.448879579082131386e-04 5.907020531594753265e-04 -1.747053029248490930e-04 4.572210018523037434e-04
1.100000000000000000e+01 5.000000000000000000e+00 -2.368690371513366699e-01 3.095152974128723145e-01 -7.264585793018341064e-02 -3.450985997915267944e-02 -3.338779807090759277e-01 3.683870136737823486e-01 3.548735976219177246e-01 -5.095182731747627258e-02 -3.039219975471496582e-01 9.544799104332923889e-05 1.285409962292760611e-04 -3.036637790501117706e-04 -2.368049026699736714e-04 5.266880034469068050e-04 6.766309961676597595e-04 1.258080010302364826e-03 -2.120051940437406301e-04 1.000499003566801548e-03
1.100000000000000000e+01 5.500000000000000000e+00 -2.285280227661132812e-01 3.026534914970397949e-01 -7.412376999855041504e-02 -3.196260333061218262e-02 -3.314450383186340332e-01 3.634072840213775635e-01 3.480975031852722168e-01 -4.964143037796020508e-02 -2.984569668769836426e-01 1.903059892356395721e-04 1.187919697258621454e-04 -2.105993917211890221e-04 -2.255674044135957956e-04 5.414519691839814186e-04 6.977070006541907787e-04 1.071715960279107094e-03 -1.099205983337014914e-04 9.057109709829092026e-04

1.200000000000000000e+01 1.000000000000000000e+00 -3.735179901123046875e-01 4.267911911010742188e-01 -5.327339842915534973e-02 -5.371830239892005920e-02 -3.728049993515014648e-01 4.265229105949401855e-01 4.261908829212188721e-01 -5.347310006618499756e-02 -3.727180361747741699e-01 1.093140162993222475e-04 1.642769930185750127e-04 -3.055763372685760260e-04 -3.163596848025918007e-04 2.922489948105067015e-04 3.245859988965094090e-04 3.159990301355719566e-04 -3.545721119735389948e-04 1.720450236462056637e-04
1.200000000000000000e+01 1.500000000000000000e+00 -3.638840317726135254e-01 4.200766086578369141e-01 -5.619344860315322876e-02 -5.098188295960426331e-02 -3.771209716796875000e-01 4.281032085418701172e-01 4.304814040660858154e-01 -5.341046676039695740e-02 -3.770700097084045410e-01 1.967079879250377417e-04 2.385890111327171326e-04 -2.626825007610023022e-04 -3.123177157249301672e-04 1.417849853169173002e-04 2.653209958225488663e-04 2.935630036517977715e-04 -2.962825237773358822e-04 2.167820057366043329e-04
1.200000000000000000e+01 2.000000000000000000e+00 -3.544439673423767090e-01 4.138214886188507080e-01 -5.937732383608818054e-02 -4.892642050981521606e-02 -3.811839818954467773e-01 4.301100075244903564e-01 4.336538910865783691e-01 -5.360648036003112793e-02 -3.800469636917114258e-01 1.887129910755902529e-04 3.536809817887842655e-04 -2.786070108413696289e-04 -2.358293713768944144e-04 1.618759997654706240e-04 2.205530036007985473e-04 2.258649910800158978e-04 -2.737481263466179371e-04 2.304700319655239582e-05
1.200000000000000000e+01 2.500000000000000000e+00 -3.449400067329406738e-01 4.072552919387817383e-01 -6.231554225087165833e-02 -4.668775945901870728e-02 -3.848170042037963867e-01 4.315043985843658447e-01 4.361279010772705078e-01 -5.365832149982452393e-02 -3.824689984321594238e-01 2.084379957523196936e-04 1.980689994525164366e-04 -1.612064079381525517e-04 -2.351110160816460848e-04 6.568999378941953182e-05 2.239790046587586403e-04 4.629949689842760563e-04 -2.589762443676590919e-04 3.258859796915203333e-04
1.200000000000000000e+01 3.000000000000000000e+00 -3.356450200080871582e-01 4.004333913326263428e-01 -6.478844583034515381e-02 -4.404671862721443176e-02 -3.890869617462158203e-01 4.331322908401489258e-01 4.384244978427886963e-01 -5.353494733572006226e-02 -3.848890066146850586e-01 2.611380186863243580e-04 2.980420249514281750e-04 -3.517160948831588030e-04 -2.249432727694511414e-04 2.839719818439334631e-04 3.218099882360547781e-04 1.282849989365786314e-04 -2.199713053414598107e-04 5.610901280306279659e-05
1.200000000000000000e+01 3.500000000000000000e+00 -3.269450068473815918e-01 3.944395780563354492e-01 -6.749422103166580200e-02 -4.172380641102790833e-02 -3.925669789314270020e-01 4.342896044254302979e-01 4.404911100864410400e-01 -5.328042432665824890e-02 -3.872100114822387695e-01 4.908198025077581406e-05 2.512989740353077650e-04 -4.302659071981906891e-04 -2.544649178162217140e-04 2.321659994777292013e-04 2.643000043462961912e-04 3.922270261682569981e-04 -1.928017009049654007e-04 3.655210020951926708e-04
1.200000000000000000e+01 4.000000000000000000e+00 -3.186219930648803711e-01 3.888379037380218506e-01 -7.021604478359222412e-02 -3.974433615803718567e-02 -3.952779769897460938e-01 4.350216984748840332e-01 4.411818981170654297e-01 -5.343336239457130432e-02 -3.877480030059814453e-01 2.518719993531703949e-04 2.538720145821571350e-04 -2.788190031424164772e-04 -3.854763635899871588e-04 9.191702702082693577e-05 3.734220226760953665e-04 3.666559932753443718e-04 -2.974320086650550365e-04 1.260710123460739851e-04
1.200000000000000000e+01 4.500000000000000000e+00 -3.092830181121826172e-01 3.820818960666656494e-01 -7.279940694570541382e-02 -3.687283769249916077e-02 -3.985880017280578613e-01 4.354608952999114990e-01 4.412442147731781006e-01 -5.293694511055946350e-02 -3.883069753646850586e-01 1.374740095343440771e-04 2.382860111538320780e-04 -2.631325041875243187e-04 -1.327194768236950040e-04 4.119630320928990841e-04 4.226180026307702065e-04 6.934399716556072235e-04 -1.712774974294006824e-04 5.495920195244252682e-04
1.200000000000000000e+01 5.000000000000000000e+00 -3.014060258865356445e-01 3.759883046150207520e-01 -7.458161562681198120e-02 -3.492579981684684753e-02 -4.003369808197021484e-01 4.352610111236572266e-01 4.406756162643432617e-01 -5.283331125974655151e-02 -3.878419995307922363e-01 1.252889633178710938e-04 1.592880289535969496e-04 -3.358566900715231895e-04 -2.457782975398004055e-04 1.976760104298591614e-04 3.554440336301922798e-04 7.377360016107559204e-04 -2.461216936353594065e-04 5.181749584153294563e-04
1.200000000000000000e+01 5.500000000000000000e+00 -2.933170199394226074e-01 3.697015047073364258e-01 -7.638349384069442749e-02 -3.244676068425178528e-02 -4.024720191955566406e-01 4.349182844161987305e-01 4.390445053577423096e-01 -5.218692123889923096e-02 -3.868579864501953125e-01 2.030380128417164087e-04 1.314130204264074564e-04 -2.573349920567125082e-04 -2.339272032259032130e-04 2.753640001174062490e-04 4.329229705035686493e-04 8.591959485784173012e-04 -1.405733928550034761e-04 7.236410165205597878e-04

1.300000000000000000e+01 1.000000000000000000e+00 -4.335469901561737061e-01 4.868131875991821289e-01 -5.326619744300842285e-02 -5.371110513806343079e-02 -4.326609969139099121e-01 4.863719046115875244e-01 4.862298667430877686e-01 -5.346830561757087708e-02 -4.327620267868041992e-01 2.059979888144880533e-04 2.594369580037891865e-04 -3.051645180676132441e-04 -3.161372151225805283e-04 2.143909805454313755e-04 2.466479782015085220e-04 3.006129991263151169e-04 -3.552690614014863968e-04 1.559080264996737242e-04
1.300000000000000000e+01 1.500000000000000000e+00 -4.242590069770812988e-01 4.804716110229492188e-01 -5.621368438005447388e-02 -5.097105726599693298e-02 -4.369249939918518066e-01 4.878961741924285889e-01 4.903954267501831055e-01 -5.341227352619171143e-02 -4.369830191135406494e-01 1.980989763978868723e-04 2.382900274824351072e-04 -2.632405667100101709e-04 -3.113435232080519199e-04 2.318789775017648935e-04 3.556510200724005699e-04 2.102900180034339428e-04 -2.985413593705743551e-04 1.336520072072744370e-04
1.300000000000000000e+01 2.000000000000000000e+00 -4.157949686050415039e-01 4.752024710178375244e-01 -5.940799042582511902e-02 -4.892403259873390198e-02 -4.402099847793579102e-01 4.891339838504791260e-01 4.936178922653198242e-01 -5.361193418502807617e-02 -4.400050044059753418e-01 1.373960112687200308e-04 3.031599917449057102e-04 -2.807075215969234705e-04 -2.371113077970221639e-04 2.435809874441474676e-04 3.015699912793934345e-04 2.699170145206153393e-04 -2.750488638412207365e-04 6.896900595165789127e-05
1.300000000000000000e+01 2.500000000000000000e+00 -4.069459736347198486e-01 4.693652987480163574e-01 -6.241881474852561951e-02 -4.668358340859413147e-02 -4.434140026569366455e-01 4.900974035263061523e-01 4.968629181385040283e-01 -5.369037017226219177e-02 -4.431720077991485596e-01 2.492980274837464094e-04 2.357380290050059557e-04 -1.670533965807408094e-04 -2.350793220102787018e-04 1.102060195989906788e-04 2.673319831956177950e-04 3.262849641032516956e-04 -2.612080133985728025e-04 1.891749852802604437e-04
1.300000000000000000e+01 3.000000000000000000e+00 -3.985910117626190186e-01 4.635984301567077637e-01 -6.500711292028427124e-02 -4.405903071165084839e-02 -4.475769698619842529e-01 4.916342794895172119e-01 4.998195171356201172e-01 -5.361790955066680908e-02 -4.462020099163055420e-01 2.098949917126446962e-04 2.488630125299096107e-04 -3.528879024088382721e-04 -2.248789969598874450e-04 2.642799809109419584e-04 2.988289925269782543e-04 3.180049825459718704e-04 -2.212816616520285606e-04 2.449400199111551046e-04
1.300000000000000000e+01 3.500000000000000000e+00 -3.902679681777954102e-01 4.580675959587097168e-01 -6.779985129833221436e-02 -4.174911975860595703e-02 -4.514019787311553955e-01 4.931505918502807617e-01 5.030891299247741699e-01 -5.343915894627571106e-02 -4.496500194072723389e-01 1.170599716715514660e-05 1.996799837797880173e-04 -4.387834051158279181e-04 -2.549742348492145538e-04 2.056930097751319408e-04 2.359770005568861961e-04 3.552549751475453377e-04 -1.972974132513627410e-04 3.324020071886479855e-04
1.300000000000000000e+01 4.000000000000000000e+00 -3.823620080947875977e-01 4.529758989810943604e-01 -7.061383128166198730e-02 -3.978836163878440857e-02 -4.546199738979339600e-01 4.944086968898773193e-01 5.058519244194030762e-01 -5.369609966874122620e-02 -4.521559774875640869e-01 2.358169876970350742e-04 2.270219847559928894e-04 -2.919220132753252983e-04 -3.884851466864347458e-04 2.006001886911690235e-05 3.005189937539398670e-04 3.901220043189823627e-04 -3.043510369025170803e-04 1.583590346854180098e-04
1.300000000000000000e+01 4.500000000000000000e+00 -3.729370236396789551e-01 4.462428689002990723e-01 -7.330568134784698486e-02 -3.693018481135368347e-02 -4.587730169296264648e-01 4.957028925418853760e-01 5.076882243156433105e-01 -5.334834754467010498e-02 -4.543399810791015625e-01 2.215320128016173840e-04 3.266480052843689919e-04 -2.836249186657369137e-04 -1.363937917631119490e-04 2.630090166348963976e-04 2.776570036076009274e-04 4.848260141443461180e-04 -1.958281063707545400e-04 3.628549748100340366e-04
1.300000000000000000e+01 5.000000000000000000e+00 -3.658280074596405029e-01 4.410922825336456299e-01 -7.526379078626632690e-02 -3.501714020967483521e-02 -4.612799584865570068e-01 4.962960183620452881e-01 5.101426243782043457e-01 -5.345509201288223267e-02 -4.566880166530609131e-01 2.207719953730702400e-04 2.425629936624318361e-04 -3.520816972013562918e-04 -2.509315672796219587e-04 1.422260247636586428e-04 2.938350080512464046e-04 6.941329920664429665e-04 -2.655943972058594227e-04 4.887479590252041817e-04
1.300000000000000000e+01 5.500000000000000000e+00 -3.581730127334594727e-01 4.353435337543487549e-01 -7.716886699199676514e-02 -3.257494792342185974e-02 -4.641860127449035645e-01 4.967603087425231934e-01 5.106744766235351562e-01 -5.304572731256484985e-02 -4.576289653778076172e-01 3.189480048604309559e-04 2.362199884373694658e-04 -2.691010013222694397e-04 -2.416387869743630290e-04 1.209950132761150599e-04 2.734049921855330467e-04 8.151660440489649773e-04 -1.664049923419952393e-04 7.019109325483441353e-04

1.400000000000000000e+01 1.000000000000000000e+00 -4.935179650783538818e-01 5.467352271080017090e-01 -5.321576073765754700e-02 -5.367211624979972839e-02 -4.924170076847076416e-01 5.460889339447021484e-01 5.463169217109680176e-01 -5.342330783605575562e-02 -4.928940236568450928e-01 1.715749967843294144e-04 2.226850047009065747e-04 -2.978264819830656052e-04 -3.149521362502127886e-04 2.242869813926517963e-04 2.542610163800418377e-04 3.868780331686139107e-04 -3.510884125716984272e-04 2.386670385021716356e-04
1.400000000000000000e+01 1.500000000000000000e+00 -4.850430190563201904e-01 5.412076115608215332e-01 -5.616582185029983521e-02 -5.093317478895187378e-02 -4.967530071735382080e-01 5.476862192153930664e-01 5.496073961257934570e-01 -5.336423963308334351e-02 -4.962430298328399658e-01 1.535119954496622086e-04 1.913170272018760443e-04 -2.609073999337852001e-04 -3.072999243158847094e-04 2.480469702277332544e-04 3.742430126294493675e-04 2.699900069274008274e-04 -2.933764772024005651e-04 1.907290134113281965e-04
1.400000000000000000e+01 2.000000000000000000e+00 -4.766449630260467529e-01 5.360085368156433105e-01 -5.936505272984504700e-02 -4.888006672263145447e-02 -4.998359680175781250e-01 5.487159490585327148e-01 5.531299114227294922e-01 -5.357461422681808472e-02 -4.995549917221069336e-01 1.151530013885349035e-04 2.853189944289624691e-04 -2.782851806841790676e-04 -2.351318107685074210e-04 2.694520226214081049e-04 3.300560056231915951e-04 3.499439917504787445e-04 -2.709904510993510485e-04 1.477630285080522299e-04
1.400000000000000000e+01 2.500000000000000000e+00 -4.681639671325683594e-01 5.305593013763427734e-01 -6.239492446184158325e-02 -4.663775116205215454e-02 -5.027730464935302734e-01 5.494104027748107910e-01 5.565458536148071289e-01 -5.365296825766563416e-02 -5.028929710388183594e-01 2.294500300195068121e-04 2.162090095225721598e-04 -1.655197847867384553e-04 -2.332730509806424379e-04 3.786201705224812031e-05 1.965950068552047014e-04 3.979809698648750782e-04 -2.576751867309212685e-04 2.640339953359216452e-04
1.400000000000000000e+01 3.000000000000000000e+00 -4.600590169429779053e-01 5.250794291496276855e-01 -6.502038985490798950e-02 -4.401368647813796997e-02 -5.070159435272216797e-01 5.510283112525939941e-01 5.596265196800231934e-01 -5.358896031975746155e-02 -5.060369968414306641e-01 1.858879986684769392e-04 2.247869997518137097e-04 -3.538819728419184685e-04 -2.246453805128112435e-04 2.033250057138502598e-04 2.375690091866999865e-04 4.269939963705837727e-04 -2.214314299635589123e-04 3.537410229910165071e-04
1.400000000000000000e+01 3.500000000000000000e+00 -4.521569907665252686e-01 5.199835896492004395e-01 -6.782691925764083862e-02 -4.171280190348625183e-02 -5.105310082435607910e-01 5.522425770759582520e-01 5.631930828094482422e-01 -5.343197286128997803e-02 -5.097609758377075195e-01 -2.315500751137733459e-05 1.696059771347790956e-04 -4.429680411703884602e-04 -2.512869541533291340e-04 2.466480073053389788e-04 2.781229850370436907e-04 3.499150043353438377e-04 -1.943811075761914253e-04 3.298720112070441246e-04
1.400000000000000000e+01 4.000000000000000000e+00 -4.449630081653594971e-01 5.156538486480712891e-01 -7.069072872400283813e-02 -3.975503891706466675e-02 -5.137329697608947754e-01 5.534876585006713867e-01 5.664619207382202148e-01 -5.371443182229995728e-02 -5.127469897270202637e-01 2.423539990559220314e-04 2.354410244151949883e-04 -2.935030206572264433e-04 -3.885549085680395365e-04 7.207010639831423759e-06 2.845870039891451597e-04 2.764719538390636444e-04 -3.056993882637470961e-04 4.567098221741616726e-05
1.400000000000000000e+01 4.500000000000000000e+00 -4.360820055007934570e-01 5.094938874244689941e-01 -7.341274619102478027e-02 -3.690791130065917969e-02 -5.174150466918945312e-01 5.543228983879089355e-01 5.695232152938842773e-01 -5.342010036110877991e-02 -5.161029696464538574e-01 1.753990072757005692e-04 2.809250145219266415e-04 -2.847103169187903404e-04 -1.398925378452986479e-04 2.721729979384690523e-04 2.811339800246059895e-04 4.092519811820238829e-04 -1.969065488083288074e-04 2.938950201496481895e-04
1.400000000000000000e+01 5.000000000000000000e+00 -4.295900166034698486e-01 5.050532817840576172e-01 -7.546413689851760864e-02 -3.499057143926620483e-02 -5.206319689750671387e-01 5.556219816207885742e-01 5.725356340408325195e-01 -5.360307916998863220e-02 -5.189319849014282227e-01 1.241929712705314159e-04 1.414800353813916445e-04 -3.641470975708216429e-04 -2.472822088748216629e-04 7.444102084264159203e-05 2.234690182376652956e-04 3.547389642335474491e-04 -2.748027618508785963e-04 1.586620055604726076e-04
1.400000000000000000e+01 5.500000000000000000e+00 -4.220280051231384277e-01 4.994694888591766357e-01 -7.744044065475463867e-02 -3.255701065063476562e-02 -5.239759683609008789e-01 5.565323233604431152e-01 5.753724575042724609e-01 -5.326343700289726257e-02 -5.221099853515625000e-01 2.089920162688940763e-04 9.888998465612530708e-05 -2.807303972076624632e-04 -2.411622845102101564e-04 5.629498627968132496e-05 2.069109905278310180e-04 3.792109782807528973e-04 -1.745410991134122014e-04 2.783530217129737139e-04

5.000000000000000000e+00 -5.000000000000000000e-01 5.602836608886718750e-05 -2.718204632401466370e-05 -2.880499232560396194e-05 -1.268798951059579849e-05 3.802776336669921875e-05 -2.489396138116717339e-05 2.129992935806512833e-06 2.112996298819780350e-06 -3.993511199951171875e-06 4.764299319504061714e-07 -9.965992830984760076e-08 -2.547899384808260947e-07 5.341798896552063525e-07 5.882002369617111981e-07 -1.015399902826175094e-06 -6.547498969666776247e-07 -9.527202564640901983e-07 -6.192599357746075839e-07
5.000000000000000000e+00 0.000000000000000000e+00 3.695487976074218750e-05 -1.419795444235205650e-05 -2.337101614102721214e-05 -1.466297544538974762e-05 3.498792648315429688e-05 -1.942703966051340103e-05 8.369970601052045822e-06 5.412031896412372589e-06 -1.400709152221679688e-05 4.042976797791197896e-08 3.868599378620274365e-07 8.850292942952364683e-09 5.079000402474775910e-07 6.100899554439820349e-07 3.758009370358195156e-08 1.802100086933933198e-07 -2.954400315502425656e-07 -7.678402198507683352e-07
5.000000000000000000e+00 5.000000000000000000e-01 3.099441528320312500e-05 -2.295011654496192932e-06 -2.839200897142291069e-05 -2.568599302321672440e-05 4.196166992187500000e-05 -1.639698166400194168e-05 1.387303927913308144e-05 5.626003257930278778e-06 -1.901388168334960938e-05 8.770298336457926780e-07 -3.663499228423461318e-07 6.187501639942638576e-07 1.670700839895289391e-07 -3.291099801572272554e-07 -3.351401574036572129e-07 -5.224201231612823904e-07 -2.310800937266321853e-07 -6.803900305385468528e-07
5.000000000000000000e+00 1.000000000000000000e+00 2.104043960571289062e-05 1.606001751497387886e-05 -3.664096584543585777e-05 -3.537902375683188438e-05 3.898143768310546875e-05 -3.670982550829648972e-06 2.450897591188549995e-05 -4.794041160494089127e-06 -2.002716064453125000e-05 -1.478099420637590811e-07 7.608991836605127901e-08 -2.129240101567120291e-06 -1.380680032525560819e-06 4.668600013246759772e-07 7.484004527213983238e-08 2.744100129348225892e-07 -1.129070142269483767e-06 -2.054198375844862312e-07
5.000000000000000000e+00 1.500000000000000000e+00 2.503395080566406250e-05 2.097600372508168221e-05 -4.601303953677415848e-05 -3.551703412085771561e-05 2.700090408325195312e-05 8.542963769286870956e-06 4.187604645267128944e-05 -4.520989023149013519e-06 -3.701448440551757812e-05 -7.670198556297691539e-07 2.240450157842133194e-06 -2.308669991180067882e-06 -5.961401257081888616e-07 -5.734100341214798391e-07 -3.477600785117829219e-07 1.080239940165483858e-06 -6.885500170028535649e-07 -1.203500232804799452e-07
5.000000000000000000e+00 2.000000000000000000e+00 1.597404479980468750e-05 2.180098090320825577e-05 -3.802095307037234306e-05 -3.205798566341400146e-05 2.503395080566406250e-05 7.572001777589321136e-06 3.950798418372869492e-05 2.657005097717046738e-06 -4.202127456665039062e-05 -1.071289943865849636e-06 3.808700057561509311e-07 -1.453490312997018918e-06 -1.370370227959938347e-06 -1.437999799236422405e-07 9.809500625124201179e-07 -1.740700099617242813e-07 -2.104297891492024064e-07 -1.915300344990100712e-07
5.000000000000000000e+00 2.500000000000000000e+00 2.598762512207031250e-05 2.696301089599728584e-05 -5.268998211249709129e-05 -3.880501026287674904e-05 2.497434616088867188e-05 1.373601844534277916e-05 4.810997052118182182e-05 -2.715038135647773743e-06 -4.500150680541992188e-05 -1.135620095737976953e-06 9.449299795960541815e-07 -1.350970251223770902e-06 -1.716900897008599713e-07 1.777090119503554888e-06 1.070470034392201342e-06 1.023239974529133178e-06 -6.707698503305437043e-07 1.031298779707867652e-07
5.000000000000000000e+00 3.000000000000000000e+00 3.296136856079101562e-05 2.319604391232132912e-05 -5.699397297576069832e-05 -3.011501394212245941e-05 1.001358032226562500e-05 1.945998519659042358e-05 5.559402052313089371e-05 3.764987923204898834e-06 -5.900859832763671875e-05 1.574379894009325653e-06 1.209250058309407905e-06 9.346499609819147736e-07 5.759998202847782522e-07 1.524739900560234673e-06 1.429819917575514410e-06 8.832098501443397254e-07 9.436500931769842282e-07 7.908499810582725331e-07
5.000000000000000000e+00 3.500000000000000000e+00 3.099441528320312500e-05 3.024900797754526138e-05 -6.121699698269367218e-05 -3.286101855337619781e-05 1.204013824462890625e-05 2.138200215995311737e-05 6.041600136086344719e-05 4.247995093464851379e-06 -6.502866744995117188e-05 -3.626200850703753531e-07 2.922839939856203273e-06 -1.704402166069485247e-07 2.330502866243477911e-07 -7.950598046591039747e-07 -3.671398189908359200e-07 2.900499112001853064e-07 4.459900537767680362e-07 1.282601260754745454e-07
5.000000000000000000e+00 4.000000000000000000e+00 3.600120544433593750e-05 1.687399344518780708e-05 -5.268899258226156235e-05 -2.072803908959031105e-05 -1.013278961181640625e-06 2.199696609750390053e-05 5.958398105576634407e-05 1.234404044225811958e-05 -7.200241088867187500e-05 1.996700120798777789e-07 5.755400707130320370e-07 -6.976101758482400328e-07 1.346269982605008408e-06 2.746380005191895179e-06 1.692799287411617115e-07 5.344600140233524144e-07 1.143440158557496034e-06 2.689340135475504212e-06

6.000000000000000000e+00 -5.000000000000000000e-01 7.998943328857421875e-05 -4.019803600385785103e-05 -3.960100002586841583e-05 -2.203596523031592369e-05 5.900859832763671875e-05 -3.734801430255174637e-05 -7.853028364479541779e-06 -7.031019777059555054e-06 1.502037048339843750e-05 8.635004178358940408e-08 3.830100467894226313e-07 2.011599917750572786e-07 -3.214900061720982194e-07 -9.598400083632441238e-07 6.946099802007665858e-07 1.259599912373232655e-06 1.055800566973630339e-07 -1.113809958042111248e-06
6.000000000000000000e+00 0.000000000000000000e+00 6.198883056640625000e-05 -2.749502891674637794e-05 -3.410200588405132294e-05 -2.958002733066678047e-05 6.598234176635742188e-05 -3.588304389268159866e-05 -6.947957444936037064e-06 -6.514019332826137543e-06 1.299381256103515625e-05 1.002010094452998601e-06 3.592200528146349825e-07 2.115198185492772609e-07 2.873800895031308755e-07 7.771996024530380964e-08 -4.870992142969043925e-08 5.991000762151088566e-08 2.028898506978293881e-07 -7.174000984377926216e-07
6.000000000000000000e+00 5.000000000000000000e-01 5.197525024414062500e-05 -1.216301461681723595e-05 -3.926898352801799774e-05 -4.015699960291385651e-05 6.896257400512695312e-05 -2.878101076930761337e-05 3.799970727413892746e-06 -5.681009497493505478e-06 1.966953277587890625e-06 -2.169499566662125289e-07 5.470401447382755578e-07 7.964301858010003343e-07 4.134001301281386986e-07 -1.935000000230502337e-07 1.365099251415813342e-07 9.238200391337159090e-07 2.450701686029788107e-07 -1.086600150301819667e-06
6.000000000000000000e+00 1.000000000000000000e+00 4.899501800537109375e-05 2.112006768584251404e-06 -5.103799048811197281e-05 -4.736299160867929459e-05 6.300210952758789062e-05 -1.615198561921715736e-05 1.736899139359593391e-05 -1.212698407471179962e-05 -5.006790161132812500e-06 3.954298790631582960e-07 8.740398698137141764e-07 -8.577990229241549969e-08 4.374101081339176744e-07 9.766017683432437479e-08 -5.133399554324569181e-07 -3.813399871432920918e-07 -6.853099421277875081e-07 -1.737320076244941447e-06
6.000000000000000000e+00 1.500000000000000000e+00 3.904104232788085938e-05 9.140989277511835098e-06 -4.906603135168552399e-05 -4.702497972175478935e-05 5.698204040527343750e-05 -9.293027687817811966e-06 2.337095793336629868e-05 -1.110596349462866783e-05 -1.198053359985351562e-05 1.580609932716470212e-06 3.017298695340286940e-07 4.951300525135593489e-07 3.324021236039698124e-08 3.623799784691073000e-07 -1.246698957402259111e-07 -2.552100113462074660e-07 -7.244989319588057697e-08 7.913013178040273488e-08
6.000000000000000000e+00 2.000000000000000000e+00 4.398822784423828125e-05 1.599197275936603546e-05 -6.047700298950076103e-05 -5.034601781517267227e-05 5.000829696655273438e-05 -1.469743438065052032e-07 3.316899528726935387e-05 -1.244596205651760101e-05 -2.098083496093750000e-05 -4.019800599053269252e-07 -6.473799203376984224e-07 5.508900358108803630e-07 -1.174999852082692087e-06 -1.288139856114867143e-06 5.435000502984621562e-07 -3.852201189147308469e-07 -6.201000815053703263e-07 -1.364069930787081830e-06
6.000000000000000000e+00 2.500000000000000000e+00 3.904104232788085938e-05 2.668797969818115234e-05 -6.576097803190350533e-05 -5.238800076767802238e-05 4.500150680541992188e-05 7.299997378140687943e-06 4.411599365994334221e-05 -1.313496613875031471e-05 -3.099441528320312500e-05 -2.753799890342634171e-07 -6.196598860697122291e-07 5.212898486206540838e-07 3.842001206066925079e-08 -4.508799520408501849e-07 -7.123400109776412137e-07 -5.895100230191019364e-07 4.611699750967090949e-07 -6.459399628511164337e-07
6.000000000000000000e+00 3.000000000000000000e+00 4.398822784423828125e-05 1.887098187580704689e-05 -6.263301474973559380e-05 -4.615500802174210548e-05 3.904104232788085938e-05 6.738002412021160126e-06 4.189898027107119560e-05 -8.522009011358022690e-06 -3.403425216674804688e-05 1.503050043538678437e-06 2.787835001072380692e-06 1.817869815567974001e-06 1.149879949480236974e-06 7.423898296110564843e-07 8.953400083555607125e-07 1.202939984068507329e-06 4.208000063954386860e-07 8.260030881501734257e-09
6.000000000000000000e+00 3.500000000000000000e+00 4.702806472778320312e-05 1.750001683831214905e-05 -6.503699114546179771e-05 -4.188099410384893417e-05 3.099441528320312500e-05 1.116801286116242409e-05 4.688702756538987160e-05 -6.091024260967969894e-06 -4.100799560546875000e-05 4.636399353330489248e-07 -1.298930101256701164e-06 1.161899945145705715e-07 -3.900499905284959823e-07 5.129500095790717751e-07 4.107099584871320985e-07 6.414995823433855549e-08 -1.162459966508322395e-06 -6.510299499495886266e-07
6.000000000000000000e+00 4.000000000000000000e+00 4.196166992187500000e-05 2.703699283301830292e-05 -6.884802132844924927e-05 -3.843201557174324989e-05 1.901388168334960938e-05 1.974898623302578926e-05 5.614000838249921799e-05 -1.472013536840677261e-06 -5.400180816650390625e-05 9.146599495579721406e-07 2.564299848017981276e-07 5.572001100517809391e-07 -9.501002296019578353e-08 1.527990093563857954e-06 1.243889869328995701e-06 -3.548007043718826026e-08 5.709598553949035704e-07 -3.647005542006809264e-08

7.000000000000000000e+00 -5.000000000000000000e-01 7.301568984985351562e-05 -3.658700734376907349e-05 -3.628403646871447563e-05 -1.842604251578450203e-05 5.501508712768554688e-05 -3.741699038073420525e-05 -2.958986442536115646e-06 -1.049018464982509613e-06 3.993511199951171875e-06 -1.038480149873066694e-06 6.215300345502328128e-07 -1.019880073727108538e-06 3.891800588462501764e-07 1.010619826047332026e-06 3.130026016151532531e-09 7.143199809434008785e-07 -5.928000064159277827e-07 1.056900032381236088e-06
7.000000000000000000e+00 0.000000000000000000e+00 5.400180816650390625e-05 -2.160097938030958176e-05 -3.327900776639580727e-05 -2.428301377221941948e-05 5.197525024414062500e-05 -2.815097104758024216e-05 2.103974111378192902e-06 -1.593958586454391479e-06 0.000000000000000000e+00 8.922600045480066910e-07 -5.625599897030042484e-07 2.396700438112020493e-07 -3.334200755489291623e-07 1.048099420586368069e-07 3.896799398717121221e-07 6.418999873858410865e-07 -3.516199740261072293e-07 -1.035120021697366610e-06
7.000000000000000000e+00 5.000000000000000000e-01 4.601478576660156250e-05 -1.061201328411698341e-05 -3.516097785905003548e-05 -3.193301381543278694e-05 5.495548248291015625e-05 -2.312503056600689888e-05 8.422997780144214630e-06 -2.395012415945529938e-06 -6.020069122314453125e-06 -1.227299435413442552e-07 6.297498202911810949e-07 4.272701517038512975e-07 6.867901447549229488e-07 3.641798684839159250e-07 1.214299345519975759e-07 1.339401478617219254e-07 3.973998445871984586e-07 -1.208230060001369566e-06
7.000000000000000000e+00 1.000000000000000000e+00 4.398822784423828125e-05 2.393964678049087524e-06 -4.621804691851139069e-05 -4.034599987789988518e-05 5.298852920532226562e-05 -1.265999162569642067e-05 2.328300615772604942e-05 -1.414038706570863724e-06 -2.199411392211914062e-05 1.209730044138268568e-06 1.285199914491386153e-06 -1.586899998073931783e-07 -3.083005140069872141e-08 1.239700395672116429e-07 -1.996199898712802678e-07 2.970398327306611463e-07 1.312000676989555359e-07 -4.918399554298957810e-07
7.000000000000000000e+00 1.500000000000000000e+00 3.898143768310546875e-05 1.849600812420248985e-05 -5.763099761679768562e-05 -4.831299884244799614e-05 4.899501800537109375e-05 -6.100162863731384277e-07 3.791297785937786102e-05 -7.597962394356727600e-06 -2.998113632202148438e-05 1.206670049214153551e-06 6.424900220736162737e-07 8.582799182477174327e-07 1.263992999156471342e-08 -6.634700184804387391e-07 6.959010079299332574e-08 7.207399903563782573e-07 5.149013304617255926e-08 -3.161701442877529189e-07
7.000000000000000000e+00 2.000000000000000000e+00 3.302097320556640625e-05 2.480298280715942383e-05 -5.748297553509473801e-05 -4.687695764005184174e-05 4.100799560546875000e-05 6.199989002197980881e-06 4.110398003831505775e-05 -7.735041435807943344e-06 -3.397464752197265625e-05 6.062699640096980147e-07 3.193201791873434559e-07 3.936399934900691733e-07 5.151500772626604885e-07 3.847699190373532474e-07 -3.868599378620274365e-07 -6.491500244010239840e-07 -8.639995030534919351e-08 -1.404779936819977593e-06
7.000000000000000000e+00 2.500000000000000000e+00 3.302097320556640625e-05 2.917897654697299004e-05 -6.204500095918774605e-05 -4.886504029855132103e-05 3.904104232788085938e-05 9.956012945622205734e-06 4.628900205716490746e-05 -9.490002412348985672e-06 -3.600120544433593750e-05 2.816398136928910390e-07 -3.655400178104173392e-07 -2.882698026951402426e-07 3.388199729670304805e-07 1.162469970950041898e-06 -5.935598892392590642e-07 1.419199406882398762e-07 -2.014901383518008515e-07 1.758007783791981637e-08
7.000000000000000000e+00 3.000000000000000000e+00 3.999471664428710938e-05 2.529803896322846413e-05 -6.550899706780910492e-05 -4.479399649426341057e-05 3.099441528320312500e-05 1.345301279798150063e-05 5.411700112745165825e-05 -2.138025593012571335e-06 -5.203485488891601562e-05 9.049599611898884177e-07 -8.916003935155458748e-08 8.858999080985086039e-07 1.915690063469810411e-06 2.576560063971555792e-06 4.439925760379992425e-09 -2.260501332784770057e-07 9.005200354295084253e-07 4.398198143462650478e-07
7.000000000000000000e+00 3.500000000000000000e+00 3.898143768310546875e-05 2.516695531085133553e-05 -6.422196747735142708e-05 -3.742898115888237953e-05 1.996755599975585938e-05 1.748197246342897415e-05 5.367095582187175751e-05 -1.899024937301874161e-06 -5.197525024414062500e-05 -7.149992597987875342e-08 -4.620999334292719141e-07 1.066040113073540851e-06 -3.084198851865949109e-07 -6.025497896189335734e-07 4.903199624095577747e-07 3.246200321882497519e-07 -3.651200586318736896e-07 -3.867098712362349033e-07
7.000000000000000000e+00 4.000000000000000000e+00 4.202127456665039062e-05 1.962500391528010368e-05 -6.213103188201785088e-05 -3.697403008118271828e-05 2.199411392211914062e-05 1.510599395260214806e-05 5.373702151700854301e-05 1.139007508754730225e-06 -5.501508712768554688e-05 -1.994999365706462413e-07 3.428899617574643344e-07 -6.838899935246445239e-07 3.081798922721645795e-07 -3.887998900609090924e-08 -3.166198894177796319e-07 -1.466999037802452222e-07 2.387100721534807235e-07 -2.533299721108051017e-07

