1.685072520062780299e-03
4.249522086519874620e-02
5.176093761488154144e-02
6.016107404250181645e-02
1.191378745510141002e-02
-3.449619578321794222e-06
7.527656988444153541e-04
5.698860636669911273e-03
1.752900158995540636e-04
6.852211243968397980e-05
7.487455365429163123e-04
4.890247567369776505e-03
2.956720745275198681e-03
4.076207438741263900e-05
1.837227876614999644e-03
4.592071955982213183e-04
-5.096951502414626134e-06
-9.170325508943699688e-04
-1.150480536876719029e-04
-5.243938447460072538e-04
-7.770936922006921321e-04
2.434360845307015353e-04
-1.241372291550080220e-03
-3.269411093727025985e-04
4.097013459831710946e-04
-3.532320589197945893e-04
-4.217424124224322668e-04
6.698629057466654046e-05
-6.482544130470557775e-05
2.770935153284526109e-04
5.173306884080908219e-04
-1.152325772912909940e-04
-8.889552937751954431e-04
-2.526332487181592867e-04
-1.126424678543624935e-04
-1.340889422509206064e-03
-1.746739372066929974e-03
-1.319542254594519015e-03
-1.279134531817494036e-05
-4.606846400347919257e-04
4.823514139418172419e-05
-1.333693064581309429e-04
-5.133402101670569984e-03
-8.110605979252394349e-04
-3.037886789840626989e-04
1.108710853781058603e-04
5.310700362499698457e-04
-4.420253849554134362e-04
-7.511289036449264600e-04
-2.749710638005886665e-05
1.173685503883525882e-04
-4.699879685509222860e-03
-1.716488713635233587e-02
6.514941552682174120e-06
5.335205181988822432e-04
4.170402085896807165e-04
-6.225271668658383106e-05
2.158988337610523445e-03
1.668117653103262654e-03
4.070641236102456872e-03
