-2.516247540884641865e-06
-7.595205293564610827e-04
-1.586464173116619580e-02
-6.427992577764274351e-03
7.597273747883548367e-06
1.040506630387572073e-04
-2.318960268260505941e-04
-7.635091847502106788e-05
-8.692658452802426439e-05
-3.525295530517169595e-03
-3.105348995482315466e-03
-6.010976076498142362e-05
2.077669630118350597e-05
1.525283093863016859e-03
-6.603634878350472803e-04
-3.585470251488143134e-05
4.941474868185302682e-04
5.753317747425601425e-04
-4.095757782183184759e-04
1.106044502963143827e-04
2.686750340696875128e-05
-2.274457630131454522e-04
6.121877417175625169e-05
8.131977624503683444e-05
4.778327468368814834e-06
1.531512414734148564e-04
1.443797714708594526e-04
-1.651290974923336208e-04
8.469020099388657741e-05
-5.370465721921124924e-05
-2.732104173208682596e-05
-1.251985649323161809e-04
5.025179655633982279e-03
1.298616842084765466e-04
2.418719888019893460e-05
-2.509458003130404791e-05
2.623971315480755351e-04
1.489308495905561358e-05
-4.074109340009846036e-04
1.153059376446385897e-05
-2.086650808588164097e-04
1.785576801793808954e-05
1.204706333705729548e-03
1.709991161802371096e-05
4.239682519724397025e-05
-1.612137985282924291e-04
-1.331446800220126292e-04
1.638145918119171540e-03
9.887419400733676866e-05
1.206781245823851378e-04
-4.580702087064736361e-04
5.026425780061405391e-03
1.023868770211322499e-06
1.119321552813801190e-04
-5.123784194682734494e-05
-5.123754056812757085e-05
4.052500526530167235e-05
3.395029664066129271e-06
-1.198394806478653152e-04
2.231064737290289202e-05
