9.995529643714838874e-01
9.997238029219207567e-01
9.999178057590683011e-01
1.000510924739665519e+00
9.997618577101005100e-01
9.994164669130580769e-01
9.994525242381513408e-01
9.980532974324693996e-01
9.991679748481547829e-01
1.001773595699368080e+00
1.006421365546807278e+00
1.003004854238952692e+00
9.963506335251972601e-01
9.931494156041038579e-01
9.930456154941844638e-01
9.934801358582064923e-01
9.955981631873181970e-01
1.004337291303405655e+00
1.005805972354647082e+00
1.002765302599576858e+00
1.004012368966944013e+00
9.994725121489995701e-01
1.001418715183131525e+00
1.000468358101951338e+00
1.000526477517332591e+00
1.000378189694669517e+00
1.001073875960838633e+00
1.000251484809713931e+00
9.988697399359047768e-01
1.001067752192606575e+00
1.008816232370918220e+00
1.017987507576820772e+00
9.782789550381205679e-01
9.781612733614036825e-01
9.758792440928049094e-01
9.729956917883125778e-01
9.767969303291359484e-01
9.679780290737909354e-01
1.072121350757115676e+00
1.008078246222794627e+00
1.003043911248523434e+00
1.000965437396603930e+00
1.000793028457055645e+00
1.002093406870358860e+00
1.002423868752930547e+00
1.003069055697807022e+00
1.003056470428447255e+00
1.002590105489517880e+00
1.001413852999284648e+00
1.003782831634954409e+00
1.012126009940425897e+00
9.818347858409266493e-01
9.809196240771114184e-01
9.763473216756137774e-01
9.740232298033559832e-01
9.698357757303244231e-01
9.772242787858423929e-01
1.042465841037319318e+00
1.081478509385346731e+00
9.988019739560035637e-01
