4.67257
4.6424
4.60543
4.56175
4.51147
4.45472
4.39166
4.32248
4.24738
4.16659
4.08035
3.98892
3.89257
3.79157
3.68623
3.57682
3.46366
3.34703
3.22723
3.10456
2.97931
2.85177
2.7222
2.59089
2.45808
2.32404
2.18901
2.05321
1.91687
1.7802
1.64339
1.50665
1.37015
1.23407
1.09857
0.963807
0.829937
0.697104
0.565447
0.435104
0.306206
0.178881
0.0532571
-0.0705422
-0.192394
-0.312177
-0.42977
-0.545055
-0.657912
-0.768224
-0.875876
-0.980753
-1.08274
-1.18174
-1.27763
-1.37031
-1.4597
-1.54569
-1.62821
-1.70718
-1.78253
-1.8542
-1.92216
-1.98635
-2.04677
-2.1034
-2.15624
-2.20532
-2.25067
-2.29233
-2.33037
-2.36487
-2.39592
-2.42361
-2.44808
-2.46945
-2.48787
-2.50348
-2.51646
-2.52696
-2.53517
-2.54127
-2.54545
-2.5479
-2.5488
-2.54834
-2.54671
-2.54409
-2.54067
-2.53661
-2.53208
-2.52723
-2.5222
-2.51714
-2.51216
-2.50738
-2.50288
-2.49876
-2.49507
-2.49187
-2.4892
-2.48706
-2.48548
-2.48444
-2.4839
-2.48383
-2.48416
-2.48482
-2.48572
-2.48676
-2.48782
-2.48877
-2.48947
-2.48975
-2.48947
-2.48844
-2.4865
-2.48344
-2.47908
-2.47323
-2.46569
-2.45625
-2.44473
-2.43093
-2.41466
-2.39573
-2.37397
-2.3492
-2.32126
-2.29002
-2.25532
-2.21704
-2.17507
-2.12932
-2.0797
-2.02615
-1.96861
-1.90704
-1.84144
-1.77179
-1.69809
-1.62038
-1.5387
-1.45308
-1.36361
-1.27034
-1.17337
-1.07279
-0.968701
-0.861224
-0.750475
-0.636583
-0.51968
-0.399908
-0.277411
-0.152339
-0.0248482
0.104902
0.236747
0.370516
0.506036
0.643127
0.781603
0.921274
1.06194
1.2034
1.34545
1.48785
1.6304
1.77285
1.91496
2.05647
2.19714
2.3367
2.47485
2.61133
2.74585
2.87809
3.00777
3.13458
3.2582
3.37833
3.49466
3.60687
3.71467
3.81775
3.91583
4.00864
4.09589
4.17736
4.2528
4.322
4.38477
4.44096
4.49041
4.53302
4.5687
4.5974
4.61909
4.63379
