0	0.48719	-13.7705
0.005	0.555845	-13.6047
0.01	0.622413	-12.9463
0.015	0.684637	-11.887
0.02	0.740837	-10.5606
0.025	0.790037	-9.10969
0.03	0.831935	-7.65835
0.035	0.866772	-6.29699
0.04	0.895147	-5.07944
0.045	0.917845	-4.02821
0.05	0.935706	-3.1431
0.055	0.949529	-2.40978
0.06	0.960021	-1.80651
0.065	0.96777	-1.30877
0.07	0.973243	-0.891873
0.075	0.976784	-0.532204
0.08	0.978624	-0.207525
0.085	0.978883	0.10334
0.09	0.977579	0.421095
0.095	0.974625	0.766684
0.1	0.969829	1.16194
0.105	0.962885	1.63001
0.11	0.953367	2.1953
0.115	0.940728	2.88261
0.12	0.924299	3.71499
0.125	0.903307	4.70991
0.13	0.876918	5.87313
0.135	0.844317	7.19071
0.14	0.804823	8.6201
0.145	0.758057	10.0833
0.15	0.704122	11.4663
0.155	0.643759	12.6303
0.16	0.57842	13.4348
0.165	0.510196	13.7706
0.17	0.441581	13.5892
0.175	0.375125	12.9174
0.18	0.31307	11.8491
0.185	0.257071	10.5191
0.19	0.208076	9.07014
0.195	0.16636	7.62549
0.2	0.131663	6.27463
0.205	0.103367	5.07064
0.21	0.0806733	4.03566
0.215	0.0627284	3.16964
0.22	0.0487178	2.45888
0.225	0.037915	1.8828
0.23	0.0297035	1.41853
0.235	0.0235809	1.04359
0.24	0.0191533	0.737276
0.245	0.0161248	0.48102
0.25	0.0142873	0.258294
0.255	0.0135109	0.0541896
0.26	0.0137374	-0.145115
0.265	0.0149762	-0.352896
0.27	0.0173025	-0.582344
0.275	0.0208581	-0.846848
0.28	0.025852	-1.15997
0.285	0.0325609	-1.53492
0.29	0.0413239	-1.98331
0.295	0.0525298	-2.51294
0.3	0.0665903	-3.12443
0.305	0.0838936	-3.80706
0.31	0.104737	-4.53441
0.315	0.129239	-5.26174
0.32	0.157252	-5.92732
0.325	0.18829	-6.45996
0.33	0.221517	-6.79265
0.335	0.255804	-6.87903
0.34	0.289873	-6.70651
0.345	0.322478	-6.30005
0.35	0.352575	-5.71476
0.355	0.379444	-5.0209
0.36	0.402719	-4.28774
0.365	0.422351	-3.57179
0.37	0.438531	-2.91155
0.375	0.451595	-2.32777
0.38	0.461947	-1.82691
0.385	0.469997	-1.40554
0.39	0.47612	-1.05436
0.395	0.480637	-0.761148
0.4	0.483806	-0.512645
0.405	0.485816	-0.295548
0.41	0.486792	-0.0968644
0.415	0.486794	0.0961483
0.42	0.485819	0.296282
0.425	0.483797	0.516803
0.43	0.480593	0.771879
0.435	0.475995	1.07692
0.44	0.469713	1.44869
0.445	0.461368	1.90491
0.45	0.450494	2.46319
0.455	0.43654	3.1388
0.46	0.418894	3.94097
0.465	0.396922	4.8676
0.47	0.370043	5.89864
0.475	0.337834	6.98989
0.48	0.300162	8.06957
0.485	0.257317	9.04163
0.49	0.210104	9.79853
0.495	0.159854	10.2428
0.5	0.108305	10.3117
0.505	0.0573831	9.99504
0.51	0.00892358	9.33846
0.515	-0.0355804	8.42984
0.52	-0.075133	7.37595
0.525	-0.109269	6.27883
0.53	-0.137986	5.21963
0.535	-0.16162	4.25215
0.54	-0.180708	3.40426
0.545	-0.195875	2.68357
0.55	-0.207746	2.08407
0.555	-0.216895	1.59203
0.56	-0.223817	1.1902
0.565	-0.228917	0.860514
0.57	-0.232513	0.585558
0.575	-0.234837	0.349088
0.58	-0.236043	0.136046
0.585	-0.236213	-0.0677678
0.59	-0.235358	-0.276185
0.595	-0.23342	-0.503224
0.6	-0.23027	-0.76361
0.605	-0.225702	-1.07317
0.61	-0.219428	-1.44896
0.615	-0.211072	-1.90893
0.62	-0.200169	-2.47084
0.625	-0.186168	-3.14998
0.63	-0.168458	-3.9555
0.635	-0.146405	-4.88508
0.64	-0.119433	-5.91832
0.645	-0.0871221	-7.01051
0.65	-0.0493484	-8.08935
0.655	-0.00641084	-9.05846
0.66	0.0408736	-9.81028
0.665	0.0911662	-10.2478
0.67	0.142722	-10.3092
0.675	0.193613	-9.9854
0.68	0.242009	-9.3231
0.685	0.286426	-8.41079
0.69	0.325879	-7.35539
0.695	0.359912	-6.25868
0.7	0.388533	-5.20131
0.705	0.412081	-4.23658
0.71	0.4311	-3.39194
0.715	0.446214	-2.67473
0.72	0.45805	-2.07883
0.725	0.467182	-1.59049
0.73	0.474105	-1.19257
0.735	0.479228	-0.867208
0.74	0.48287	-0.597255
0.745	0.485267	-0.366847
0.75	0.48658	-0.161427
0.755	0.4869	0.0325236
0.76	0.486252	0.227907
0.765	0.484597	0.437439
0.77	0.481833	0.674007
0.775	0.47779	0.950828
0.78	0.472235	1.28125
0.785	0.464867	1.67799
0.79	0.455327	2.15162
0.795	0.443213	2.70789
0.8	0.428114	3.34415
0.805	0.409663	4.04488
0.81	0.38761	4.77775
0.815	0.361915	5.49196
0.82	0.332831	6.1215
0.825	0.300961	6.59479
0.83	0.267249	6.8498
0.835	0.23289	6.85021
0.84	0.199173	6.59594
0.845	0.167296	6.12319
0.85	0.138203	5.49388
0.855	0.112498	4.7796
0.86	0.0904375	4.04637
0.865	0.0719805	3.34501
0.87	0.0568793	2.70792
0.875	0.0447676	2.15061
0.88	0.0352354	1.67573
0.885	0.0278824	1.27745
0.89	0.0223508	0.945139
0.895	0.0183425	0.66593
0.9	0.0156256	0.426291
0.905	0.0140361	0.212753
0.91	0.0134766	0.0120754
0.915	0.0139159	-0.188944
0.92	0.0153892	-0.403889
0.925	0.0180021	-0.647244
0.93	0.0219355	-0.934948
0.935	0.0274551	-1.28485
0.94	0.0349209	-1.71698
0.945	0.0447984	-2.25329
0.95	0.0576659	-2.91677
0.955	0.0742146	-3.72918
0.96	0.0952342	-4.70715
0.965	0.121572	-5.85619
0.97	0.15406	-7.16257
0.975	0.193392	-8.58441
0.98	0.23997	-10.0446
0.985	0.293716	-11.4302
0.99	0.353917	-12.6026
0.995	0.41915	-13.4208
