-4.79587
-4.95857
-5.1084
-5.24418
-5.3651
-5.47071
-5.56101
-5.63644
-5.69785
-5.74649
-5.78397
-5.81216
-5.83313
-5.84908
-5.86221
-5.87467
-5.88844
-5.90526
-5.92657
-5.95343
-5.98651
-6.02604
-6.07182
-6.12322
-6.1792
-6.23836
-6.29901
-6.35922
-6.41693
-6.47002
-6.51641
-6.55418
-6.58165
-6.59746
-6.60064
-6.59066
-6.56748
-6.53153
-6.48371
-6.42532
-6.35807
-6.28391
-6.20504
-6.12373
-6.04228
-5.96291
-5.88768
-5.81837
-5.75648
-5.70312
-5.65896
-5.62425
-5.59877
-5.58181
-5.57222
-5.5684
-5.56835
-5.56974
-5.56992
-5.56605
-5.55517
-5.53427
-5.5004
-5.45077
-5.38282
-5.29436
-5.18354
-5.04901
-4.88986
-4.70571
-4.49664
-4.26318
-4.00629
-3.72726
-3.42769
-3.10938
-2.77428
-2.42446
-2.06199
-1.68897
-1.30746
-0.919479
-0.527013
-0.131997
0.263654
0.658032
1.04922
1.43525
1.81415
2.18388
2.54235
2.88749
3.21719
3.52945
3.82234
4.09413
4.34331
4.5687
4.76947
4.94523
5.09606
5.22252
5.32565
5.407
5.46851
5.51251
5.54166
5.5588
5.56691
5.56899
5.56798
5.56666
5.56757
5.57295
5.58465
5.60415
5.63242
5.67003
5.71703
5.77304
5.83721
5.9083
5.98472
6.06457
6.14573
6.22593
6.30288
6.3743
6.43806
6.49228
6.53537
6.56614
6.58384
6.58818
6.57936
6.55805
6.52532
6.48266
6.4318
6.37472
6.31349
6.2502
6.18685
6.12527
6.06704
6.01338
5.96519
5.9229
5.88652
5.85562
5.82934
5.80643
5.78527
5.76394
5.74034
5.71218
5.67716
5.633
5.57757
5.50894
5.42548
5.32591
5.20935
5.07533
4.9238
4.75512
4.57002
4.36952
4.15493
3.92773
3.68954
3.44199
3.18674
2.92534
2.65926
2.38979
2.11807
1.84505
1.57149
1.29798
1.02495
0.752698
0.48141
0.2112
-0.0578597
-0.325696
-0.592202
-0.857199
-1.1204
-1.38139
-1.63958
-1.89419
-2.14424
-2.38856
-2.62576
-2.85426
-3.07233
-3.2781
-3.46964
-3.645
