0	3.29905	-61.8664
0.005	3.59352	-55.7118
0.01	3.85466	-48.6501
0.015	4.07964	-41.3542
0.02	4.2687	-34.3525
0.025	4.42424	-27.9905
0.03	4.54997	-22.4438
0.035	4.65012	-17.7572
0.04	4.72891	-13.8891
0.045	4.79023	-10.7501
0.05	4.83744	-8.23072
0.055	4.87338	-6.21943
0.06	4.90031	-4.61172
0.065	4.92001	-3.31435
0.07	4.93383	-2.24593
0.075	4.94274	-1.33548
0.08	4.94735	-0.520047
0.085	4.948	0.258164
0.09	4.94473	1.05486
0.095	4.93732	1.92681
0.1	4.92524	2.93487
0.105	4.90764	4.14705
0.11	4.8833	5.64101
0.115	4.85061	7.50595
0.12	4.80745	9.84277
0.125	4.75121	12.7614
0.13	4.67868	16.3734
0.135	4.58615	20.7772
0.14	4.46949	26.034
0.145	4.32441	32.1323
0.15	4.14696	38.945
0.155	3.93423	46.1857
0.16	3.68517	53.3855
0.165	3.4015	59.9107
0.17	3.08838	65.0439
0.175	2.75449	68.1249
0.18	2.4113	68.7155
0.185	2.07166	66.7235
0.19	1.74792	62.4293
0.195	1.45026	56.4032
0.2	1.1856	49.3501
0.205	0.957329	41.9512
0.21	0.765746	34.7513
0.215	0.608872	28.1119
0.22	0.483377	22.2176
0.225	0.385376	17.1121
0.23	0.311027	12.7419
0.235	0.256917	8.99458
0.24	0.220281	5.727
0.245	0.199109	2.78251
0.25	0.192186	1.62382e-05
0.255	0.199109	-2.78247
0.26	0.220281	-5.72696
0.265	0.256917	-8.99454
0.27	0.311027	-12.7418
0.275	0.385375	-17.112
0.28	0.483376	-22.2175
0.285	0.60887	-28.1117
0.29	0.765743	-34.7512
0.295	0.957326	-41.951
0.3	1.1856	-49.3499
0.305	1.45026	-56.4028
0.31	1.74791	-62.4289
0.315	2.07165	-66.7229
0.32	2.41129	-68.7147
0.325	2.75447	-68.1239
0.33	3.08836	-65.0425
0.335	3.40146	-59.909
0.34	3.68512	-53.3832
0.345	3.93418	-46.1827
0.35	4.14689	-38.9409
0.355	4.32431	-32.127
0.36	4.46936	-26.027
0.365	4.58599	-20.768
0.37	4.67846	-16.3613
0.375	4.75092	-12.7454
0.38	4.80707	-9.8217
0.385	4.8501	-7.4782
0.39	4.88264	-5.60446
0.395	4.90676	-4.0989
0.4	4.92409	-2.87146
0.405	4.93581	-1.84329
0.41	4.94274	-0.944882
0.415	4.94537	-0.113356
0.42	4.94388	0.71067
0.425	4.93818	1.58635
0.43	4.92783	2.57596
0.435	4.91211	3.74831
0.44	4.88991	5.18196
0.445	4.85971	6.96807
0.45	4.81947	9.21237
0.455	4.76662	12.035
0.46	4.69794	15.5671
0.465	4.60954	19.9413
0.47	4.49693	25.2732
0.475	4.35509	31.6323
0.48	4.17892	38.9981
0.485	3.9637	47.2082
0.49	3.70601	55.9073
0.495	3.40476	64.5202
0.5	3.06223	72.2773
0.505	2.68485	78.3164
0.51	2.28325	81.8546
0.515	1.87134	82.3854
0.52	1.46457	79.8227
0.525	1.07769	74.5253
0.53	0.722725	67.1907
0.535	0.407762	58.6673
0.54	0.136673	49.7648
0.545	-0.090335	41.1241
0.55	-0.275714	33.1645
0.555	-0.423472	26.0944
0.56	-0.538216	19.9551
0.565	-0.624455	14.6728
0.57	-0.686136	10.1047
0.575	-0.726393	6.07108
0.58	-0.747411	2.3756
0.585	-0.750376	-1.18402
0.59	-0.735458	-4.8116
0.595	-0.701808	-8.71028
0.6	-0.647571	-13.0791
0.605	-0.56992	-18.1051
0.61	-0.465158	-23.9463
0.615	-0.328924	-30.704
0.62	-0.156578	-38.3809
0.625	0.0561833	-46.8301
0.63	0.312447	-55.706
0.635	0.613017	-64.4393
0.64	0.955335	-72.266
0.645	1.33274	-78.3316
0.65	1.73442	-81.8658
0.655	2.14634	-82.3794
0.66	2.55304	-79.8061
0.665	2.93986	-74.5234
0.67	3.29494	-67.243
0.675	3.6104	-58.8225
0.68	3.88263	-50.0774
0.685	4.11172	-41.6541
0.69	4.30043	-33.9803
0.695	4.45315	-27.2775
0.7	4.57493	-21.6074
0.705	4.67087	-16.9253
0.71	4.74566	-13.1269
0.715	4.8034	-10.0827
0.72	4.84752	-7.65961
0.725	4.88082	-5.73325
0.73	4.9055	-4.19294
0.735	4.92324	-2.94279
0.74	4.93527	-1.90033
0.745	4.94246	-0.993844
0.75	4.94533	-0.159259
0.755	4.94408	0.66325
0.76	4.93862	1.53261
0.765	4.92857	2.51019
0.77	4.91323	3.66296
0.775	4.89152	5.06639
0.78	4.862	6.80666
0.785	4.82273	8.98165
0.79	4.77128	11.6994
0.795	4.70465	15.0725
0.8	4.61929	19.2063
0.805	4.51118	24.178
0.81	4.37607	30.0052
0.815	4.20984	36.6043
0.82	4.00912	43.7464
0.825	3.77214	51.0239
0.83	3.49962	57.8526
0.835	3.19553	63.5298
0.84	2.86741	67.3581
0.845	2.52593	68.8081
0.85	2.18368	67.6637
0.855	1.85337	64.0852
0.86	1.54608	58.5613
0.865	1.26987	51.7709
0.87	1.0293	44.4185
0.875	0.825613	37.1028
0.88	0.657492	30.2479
0.885	0.521957	24.0943
0.89	0.415231	18.7279
0.895	0.333405	14.1229
0.9	0.272891	10.1828
0.905	0.230693	6.77229
0.91	0.204541	3.73788
0.915	0.192954	0.919343
0.92	0.195258	-1.84518
0.925	0.211586	-4.71775
0.93	0.242885	-7.85996
0.935	0.290901	-11.4306
0.94	0.358155	-15.5789
0.945	0.447863	-20.4299
0.95	0.563758	-26.0606
0.955	0.709765	-32.4646
0.96	0.88948	-39.509
0.965	1.10543	-46.8939
0.97	1.35819	-54.1335
0.975	1.64546	-60.583
0.98	1.96151	-65.5292
0.985	2.29717	-68.3383
0.99	2.64066	-68.6193
0.995	2.97907	-66.3376
