0	0.924204	-24.7859
0.005	1.04689	-24.138
0.01	1.16418	-22.6541
0.015	1.27237	-20.5349
0.02	1.3689	-18.0343
0.025	1.45249	-15.4011
0.03	1.52303	-12.8377
0.035	1.58122	-10.4815
0.04	1.62832	-8.40659
0.045	1.6658	-6.63639
0.05	1.69517	-5.15965
0.055	1.71783	-3.94489
0.06	1.73499	-2.95112
0.065	1.74764	-2.13471
0.07	1.75656	-1.45312
0.075	1.76233	-0.866504
0.08	1.76532	-0.33776
0.085	1.76574	0.168173
0.09	1.76362	0.68548
0.095	1.75881	1.24879
0.1	1.75099	1.89441
0.105	1.73966	2.66124
0.11	1.72411	3.591
0.115	1.70341	4.72723
0.12	1.67642	6.1124
0.125	1.64181	7.78215
0.13	1.59809	9.75588
0.135	1.54376	12.0235
0.14	1.47746	14.5296
0.145	1.39826	17.1586
0.15	1.30597	19.7289
0.155	1.20146	22.0036
0.16	1.08685	23.7246
0.165	0.965516	24.6666
0.17	0.841718	24.6957
0.175	0.720095	23.8077
0.18	0.604962	22.13
0.185	0.499744	19.884
0.19	0.406638	17.3277
0.195	0.326581	14.7008
0.2	0.259434	12.1891
0.205	0.204295	9.91243
0.21	0.159817	7.92996
0.215	0.124481	6.25479
0.22	0.0967847	4.8698
0.225	0.0753557	3.74124
0.23	0.0590126	2.82848
0.235	0.0467806	2.09002
0.24	0.0378874	1.48673
0.245	0.0317475	0.983094
0.25	0.0279436	0.547277
0.255	0.0262097	0.150505
0.26	0.0264179	-0.233835
0.265	0.0285697	-0.631163
0.27	0.0327929	-1.06654
0.275	0.0393405	-1.56514
0.28	0.0485917	-2.15216
0.285	0.0610499	-2.85177
0.29	0.0773318	-3.68462
0.295	0.0981405	-4.66365
0.3	0.124211	-5.78779
0.305	0.156224	-7.03426
0.31	0.194673	-8.35103
0.315	0.239711	-9.6528
0.32	0.290986	-10.825
0.325	0.34753	-11.7388
0.33	0.407746	-12.2774
0.335	0.469548	-12.365
0.34	0.530619	-11.9889
0.345	0.588752	-11.2035
0.35	0.642146	-10.1138
0.355	0.689597	-8.84771
0.36	0.730535	-7.52772
0.365	0.764948	-6.25116
0.37	0.793228	-5.08251
0.375	0.81601	-4.05498
0.38	0.834028	-3.1772
0.385	0.848018	-2.4412
0.39	0.858648	-1.82938
0.395	0.866482	-1.31957
0.4	0.871974	-0.88813
0.405	0.875455	-0.511611
0.41	0.877143	-0.16724
0.415	0.877144	0.167229
0.42	0.875451	0.514094
0.425	0.871944	0.896478
0.43	0.866385	1.33913
0.435	0.858407	1.86905
0.44	0.8475	2.51575
0.445	0.833003	3.31073
0.45	0.814093	4.28572
0.455	0.789798	5.46897
0.46	0.759024	6.87905
0.465	0.720628	8.51562
0.47	0.673539	10.3479
0.475	0.616942	12.3029
0.48	0.550506	14.2585
0.485	0.474634	16.0469
0.49	0.390637	17.4755
0.495	0.300783	18.3633
0.5	0.208118	18.5862
0.505	0.11609	18.1115
0.51	0.028056	17.0077
0.515	-0.0531863	15.4247
0.52	-0.125709	13.5525
0.525	-0.188543	11.5782
0.53	-0.241578	9.65423
0.535	-0.285345	7.88443
0.54	-0.320775	6.32501
0.545	-0.348977	4.99399
0.55	-0.371083	3.88324
0.555	-0.388138	2.9693
0.56	-0.401053	2.22147
0.565	-0.410575	1.60699
0.57	-0.417291	1.09393
0.575	-0.421633	0.652323
0.58	-0.423887	0.254254
0.585	-0.424204	-0.126653
0.59	-0.422606	-0.516122
0.595	-0.418986	-0.94021
0.6	-0.413101	-1.42623
0.605	-0.404571	-2.00343
0.61	-0.392863	-2.70318
0.615	-0.377281	-3.55816
0.62	-0.356969	-4.6002
0.625	-0.330922	-5.85593
0.63	-0.298029	-7.33968
0.635	-0.257157	-9.04348
0.64	-0.207295	-10.9251
0.645	-0.147752	-12.8973
0.65	-0.0783967	-14.8231
0.655	0.000105762	-16.5243
0.66	0.0861478	-17.8074
0.665	0.177198	-18.5041
0.67	0.270041	-18.5152
0.675	0.3612	-17.8392
0.68	0.447445	-16.5727
0.685	0.526219	-14.8825
0.69	0.595887	-12.9622
0.695	0.655759	-10.9909
0.7	0.705946	-9.10727
0.705	0.747128	-7.40018
0.71	0.780316	-5.91331
0.715	0.806645	-4.6558
0.72	0.827235	-3.61421
0.725	0.843104	-2.76268
0.73	0.855127	-2.07011
0.735	0.864017	-1.50466
0.74	0.870334	-1.03605
0.745	0.874492	-0.636427
0.75	0.876771	-0.280356
0.755	0.877329	0.0557431
0.76	0.87621	0.394353
0.765	0.873345	0.757661
0.77	0.868554	1.16822
0.775	0.861545	1.64927
0.78	0.851905	2.2245
0.785	0.839105	2.91684
0.79	0.822508	3.74587
0.795	0.801397	4.72347
0.8	0.775028	5.84739
0.805	0.742718	7.09349
0.81	0.703977	8.40826
0.815	0.658664	9.70496
0.82	0.607149	10.8679
0.825	0.550423	11.7682
0.83	0.490101	12.2897
0.835	0.428284	12.3587
0.84	0.367289	11.9649
0.845	0.309315	11.1646
0.85	0.256144	10.0642
0.855	0.208959	8.79176
0.86	0.168309	7.46889
0.865	0.134192	6.19159
0.87	0.10621	5.02283
0.875	0.0837289	3.9944
0.88	0.0660193	3.11372
0.885	0.0523601	2.37171
0.89	0.0421019	1.74973
0.895	0.0347016	1.22443
0.9	0.0297381	0.770783
0.905	0.0269164	0.363545
0.91	0.0260671	-0.0223487
0.915	0.0271463	-0.412119
0.92	0.0302382	-0.831879
0.925	0.0355615	-1.30957
0.93	0.0434815	-1.87594
0.935	0.0545255	-2.56522
0.94	0.0694017	-3.41543
0.945	0.0890162	-4.46752
0.95	0.114483	-5.76293
0.955	0.147113	-7.3386
0.96	0.188377	-9.21853
0.965	0.239806	-11.4015
0.97	0.30283	-13.8454
0.975	0.378534	-16.4519
0.98	0.467349	-19.0569
0.985	0.568729	-21.4361
0.99	0.680904	-23.3323
0.995	0.800841	-24.5051
