0	0.590686	-16.5316
0.005	0.672992	-16.2873
0.01	0.752579	-15.4575
0.015	0.82678	-14.1573
0.02	0.893638	-12.5491
0.025	0.952044	-10.8036
0.03	1.00169	-9.06717
0.035	1.04291	-7.44497
0.04	1.07644	-5.99863
0.045	1.10323	-4.75283
0.05	1.1243	-3.70585
0.055	1.14059	-2.83966
0.06	1.15295	-2.12789
0.065	1.16208	-1.54113
0.07	1.16852	-1.04998
0.075	1.17269	-0.626463
0.08	1.17486	-0.244262
0.085	1.17516	0.121631
0.09	1.17363	0.495657
0.095	1.17015	0.902546
0.1	1.1645	1.36811
0.105	1.15632	1.91976
0.11	1.14511	2.58653
0.115	1.13022	3.39803
0.12	1.11084	4.38214
0.125	1.08607	5.5604
0.13	1.0549	6.941
0.135	1.01635	8.50927
0.14	0.969575	10.2169
0.145	0.914094	11.9736
0.15	0.849978	13.6455
0.155	0.778056	15.0672
0.16	0.700007	16.0693
0.165	0.618292	16.5163
0.17	0.535882	16.344
0.175	0.455847	15.5778
0.18	0.380916	14.3255
0.185	0.313136	12.7466
0.19	0.253708	11.0127
0.195	0.203014	9.27442
0.2	0.160784	7.64234
0.205	0.126301	6.18316
0.21	0.0986143	4.92584
0.215	0.0767025	3.87188
0.22	0.0595821	3.00571
0.225	0.0463728	2.30299
0.23	0.0363255	1.73629
0.235	0.0288284	1.27852
0.24	0.0234008	0.904551
0.245	0.0196809	0.59186
0.25	0.0174137	0.320346
0.255	0.0164391	0.0718787
0.26	0.0166845	-0.170338
0.265	0.018159	-0.422419
0.27	0.0209518	-0.700353
0.275	0.0252326	-1.02034
0.28	0.0312525	-1.39874
0.285	0.0393439	-1.85146
0.29	0.0499145	-2.39243
0.295	0.0634311	-3.03086
0.3	0.0803872	-3.76731
0.305	0.101247	-4.5885
0.31	0.126361	-5.46226
0.315	0.155867	-6.33435
0.32	0.189578	-7.13031
0.325	0.226901	-7.76462
0.33	0.26682	-8.15723
0.335	0.307977	-8.25336
0.34	0.348834	-8.03901
0.345	0.387899	-7.54517
0.35	0.42393	-6.83867
0.355	0.456072	-6.00401
0.36	0.483896	-5.12406
0.365	0.507351	-4.26619
0.37	0.526672	-3.47606
0.375	0.542266	-2.77808
0.38	0.554619	-2.17966
0.385	0.564222	-1.67649
0.39	0.571524	-1.2573
0.395	0.57691	-0.907393
0.4	0.580687	-0.610885
0.405	0.583081	-0.351857
0.41	0.584242	-0.114777
0.415	0.58424	0.115578
0.42	0.583072	0.354488
0.425	0.580655	0.617801
0.43	0.576825	0.922453
0.435	0.571331	1.28687
0.44	0.563824	1.73111
0.445	0.553851	2.27639
0.45	0.540856	2.94387
0.455	0.524178	3.75192
0.46	0.503083	4.71179
0.465	0.47681	5.82122
0.47	0.444659	7.05663
0.475	0.406119	8.36547
0.48	0.361023	9.66217
0.485	0.309708	10.8319
0.49	0.253131	11.7456
0.495	0.192877	12.2859
0.5	0.131025	12.3766
0.505	0.0698866	12.0042
0.51	0.0116683	11.2225
0.515	-0.0418291	10.1362
0.52	-0.0893997	8.87339
0.525	-0.130475	7.55679
0.53	-0.165043	6.28428
0.535	-0.193501	5.12098
0.54	-0.216493	4.10083
0.545	-0.234765	3.23329
0.55	-0.249069	2.51137
0.555	-0.260094	1.91866
0.56	-0.268436	1.43451
0.565	-0.274584	1.03722
0.57	-0.278918	0.705833
0.575	-0.281719	0.420804
0.58	-0.283173	0.163997
0.585	-0.283378	-0.0816913
0.59	-0.282347	-0.332926
0.595	-0.280011	-0.606595
0.6	-0.276214	-0.920431
0.605	-0.270708	-1.29349
0.61	-0.263147	-1.74629
0.615	-0.253077	-2.30041
0.62	-0.239938	-2.97714
0.625	-0.22307	-3.79477
0.63	-0.201737	-4.76413
0.635	-0.17518	-5.88211
0.64	-0.142708	-7.12381
0.645	-0.103824	-8.43503
0.65	-0.0583854	-9.72847
0.655	-0.0067615	-10.8881
0.66	0.0500564	-11.7847
0.665	0.110452	-12.3025
0.67	0.172324	-12.3682
0.675	0.23336	-11.9721
0.68	0.291368	-11.1712
0.685	0.344575	-10.0725
0.69	0.391811	-8.80421
0.695	0.432539	-7.48829
0.7	0.466776	-6.22096
0.705	0.494937	-5.06563
0.71	0.517675	-4.05477
0.715	0.535741	-3.19685
0.72	0.549886	-2.48431
0.725	0.560799	-1.90058
0.73	0.569072	-1.42505
0.735	0.575194	-1.03633
0.74	0.579546	-0.713882
0.745	0.582411	-0.438738
0.75	0.583983	-0.193498
0.755	0.584369	0.0379934
0.76	0.5836	0.271147
0.765	0.58163	0.521154
0.77	0.578335	0.803416
0.775	0.573516	1.13374
0.78	0.566891	1.52811
0.785	0.558102	2.00181
0.79	0.546719	2.56757
0.795	0.532261	3.23249
0.8	0.514233	3.99368
0.805	0.492193	4.83294
0.81	0.465836	5.71198
0.815	0.435106	6.5704
0.82	0.400297	7.3293
0.825	0.362123	7.90274
0.83	0.321706	8.21577
0.835	0.280476	8.22384
0.84	0.23998	7.92575
0.845	0.20166	7.36396
0.85	0.166658	6.61225
0.855	0.13571	5.75645
0.86	0.109133	4.87613
0.865	0.0868861	4.03278
0.87	0.0686769	3.26577
0.875	0.0540686	2.59415
0.88	0.0425701	2.02138
0.885	0.033701	1.54063
0.89	0.0270315	1.13916
0.895	0.0222031	0.801513
0.9	0.0189372	0.51137
0.905	0.0170373	0.252444
0.91	0.0163875	0.00870208
0.915	0.0169517	-0.235877
0.92	0.0187751	-0.497794
0.925	0.0219878	-0.794663
0.93	0.0268121	-1.14586
0.935	0.033573	-1.57308
0.94	0.04271	-2.1006
0.945	0.0547903	-2.75498
0.95	0.0705173	-3.56382
0.955	0.0907294	-4.55302
0.96	0.116381	-5.74186
0.965	0.148491	-7.13563
0.97	0.18805	-8.71576
0.975	0.235873	-10.4291
0.98	0.292406	-12.18
0.985	0.357507	-13.8299
0.99	0.430258	-15.2112
0.995	0.508889	-16.1561
