#log(hist[i]/hist[j])	Ui-Uj
log	-0.56736	4	-0.312639	4	0.254721	0
Tval	0.920596	0.0435156	0.0358886	0.021694	0.947137	0.0311688	0.0300894	0.0363707	0.93354	
Terr	0.0018483	0.00149644	0.00135107	0.00073853	0.00110167	0.000898099	0.000978764	0.000994752	0.00124024	
Aval	0	0.0006355	-0.0006355	-0.0006355	0	0.0006355	0.0006355	-0.0006355	0	
Aerr	0	2.01669e-05	-1.10353e-05	-2.01669e-05	0	2.55134e-05	1.10353e-05	-2.55134e-05	0	
Sval	0.222877	0.0098955	0.0093207	0.0098955	0.404393	0.0126692	0.0093207	0.0126692	0.308959	
Serr	0.00510464	0.000296811	0.000304219	0.000296811	0.00674993	0.000307051	0.000304219	0.000307051	0.00584719	
Pval		0.242094		0.426957		0.330949	
Perr		0.00411631		-nan		-nan	
