#log(hist[i]/hist[j])	Ui-Uj
log	-0.603758	4	-0.405482	4	0.198276	0
Tval	0.921201	0.0422929	0.0365058	0.0209076	0.948898	0.0301943	0.0270335	0.0341155	0.938851	
Terr	0.00184536	0.00145899	0.0013447	0.000765955	0.00109443	0.000852971	0.00101454	0.000826014	0.0012383	
Aval	0	0.00046745	-0.00046745	-0.00046745	0	0.0004675	0.00046745	-0.0004675	0	
Aerr	0	9.31174e-06	-1.43297e-05	-9.31174e-06	0	1.93605e-05	1.43297e-05	-1.93605e-05	0	
Sval	0.212804	0.00929845	0.00889745	0.00929845	0.400909	0.0122865	0.00889745	0.0122865	0.325322	
Serr	0.00530986	0.000294768	0.00030948	0.000294768	0.00646927	0.000283941	0.00030948	0.000283941	0.00578715	
Pval		0.231		0.422494		0.346506	
Perr		-nan		-nan		0.00457677	
