#log(hist[i]/hist[j])	Ui-Uj
log	-0.576357	5	-0.182901	5	0.393456	0
Tval	0.910276	0.0514706	0.0382535	0.0236174	0.940645	0.0357374	0.0397055	0.0451074	0.915187	
Terr	0.00206096	0.00183921	0.00139949	-nan	-nan	-nan	0.00131908	0.00122801	0.0014241	
Aval	0	0.0011845	-0.0011845	-0.0011845	0	0.00118455	0.0011845	-0.00118455	0	
Aerr	0	3.84956e-05	-2.85851e-05	-3.84956e-05	0	1.30863e-05	2.85851e-05	-1.30863e-05	0	
Sval	0.228709	0.0117406	0.010792	0.0117406	0.420565	0.0147893	0.010792	0.0147893	0.276083	
Serr	0.0060237	0.000345099	0.000367517	0.000345099	0.00750094	0.000337655	0.000367517	0.000337655	0.00419303	
Pval		0.251241		0.447095		0.301664	
Perr		0.00372541		-nan		0.00302122	
