#log(hist[i]/hist[j])	Ui-Uj
log	-0.501957	4	-0.0976636	4	0.404294	0
Tval	0.914802	0.0486918	0.0365066	0.0247914	0.940462	0.0347466	0.0401177	0.0450442	0.914838	
Terr	0.00187066	0.00175002	0.00134054	0.000939922	0.00139908	0.00103659	0.00119722	0.00134436	0.0014441	
Aval	0	0.0010291	-0.0010291	-0.0010291	0	0.00102915	0.0010291	-0.00102915	0	
Aerr	0	2.30605e-06	6.8978e-06	-2.30605e-06	0	7.48407e-06	-6.8978e-06	-7.48407e-06	0	
Sval	0.24366	0.0119332	0.010751	0.0119332	0.4138	0.0142543	0.010751	0.0142543	0.268663	
Serr	0.00567581	0.000354667	0.00037238	0.000354667	0.00764183	0.000363365	0.00037238	0.000363365	0.00466882	
Pval		0.266344		0.439987		0.293669	
Perr		0.00370586		-nan		0.00127982	
