#log(hist[i]/hist[j])	Ui-Uj
log	-0.460372	4	-0.461765	4	-0.00139317	0
Tval	0.912314	0.0436463	0.0440401	0.0277581	0.936916	0.0353265	0.0275371	0.0354927	0.93697	
Terr	0.00168287	0.00156323	0.00133643	0.000815647	0.00122124	0.000950204	0.00101023	0.000895249	0.00123254	
Aval	0	-4.1e-05	4.1e-05	4.1e-05	0	-4.095e-05	-4.1e-05	4.095e-05	0	
Aerr	0	4.54147e-05	-2.63429e-05	-4.54147e-05	0	5.25025e-06	2.63429e-05	-5.25025e-06	0	
Sval	0.218705	0.0105016	0.0105131	0.0105016	0.355916	0.0134577	0.0105131	0.0134577	0.356434	
Serr	0.00462174	0.000323532	0.000306689	0.000323532	0.00553791	0.000298674	0.000306689	0.000298674	0.00622969	
Pval		0.23972		0.379875		0.380405	
Perr		0.00103919		0.00237857		-nan	
