#log(hist[i]/hist[j])	Ui-Uj
log	-0.708783	7	-0.330577	7	0.378206	0
Tval	0.901392	0.0567313	0.0418767	0.0220472	0.940476	0.0374768	0.0386528	0.0461258	0.915221	
Terr	0.00223323	0.00186298	0.00154593	-nan	-nan	-nan	0.00113411	0.00127527	0.00137367	
Aval	0	0.0013487	-0.0013487	-0.0013487	0	0.0013487	0.0013487	-0.0013487	0	
Aerr	0	2.99621e-05	-1.96895e-05	-2.99621e-05	0	5.57828e-06	1.96895e-05	-5.57828e-06	0	
Sval	0.203792	0.0114714	0.0108125	0.0114714	0.431947	0.0158588	0.0108125	0.0158588	0.287975	
Serr	0.00562667	0.000350471	0.000356954	0.000350471	0.0069859	0.00034454	0.000356954	0.00034454	0.0046022	
Pval		0.226076		0.459278		0.314646	
Perr		-nan		-nan		-nan	
