#log(hist[i]/hist[j])	Ui-Uj
log	-0.609433	4	-0.254511	4	0.354922	0
Tval	0.923229	0.0426166	0.0341541	0.0208476	0.950116	0.029036	0.0297753	0.0381121	0.932112	
Terr	0.00183777	0.00156948	0.00113588	0.000570966	0.000910093	0.00073818	0.000962116	0.00100389	0.00127474	
Aval	0	0.00051495	-0.00051495	-0.00051495	0	0.00051495	0.00051495	-0.00051495	0	
Aerr	0	2.59083e-05	-9.09987e-06	-2.59083e-05	0	8.34983e-06	9.09987e-06	-8.34983e-06	0	
Sval	0.223592	0.00980005	0.00878405	0.00980005	0.42324	0.0124168	0.00878405	0.0124168	0.291166	
Serr	0.00556209	0.000261423	0.000283927	0.000261423	0.00675394	0.000275076	0.000283927	0.000275076	0.00565132	
Pval		0.242177		0.445457		0.312367	
Perr		0.00444384		-nan		0.00294986	
