#log(hist[i]/hist[j])	Ui-Uj
log	-0.496681	4	-0.449428	4	0.0472521	0
Tval	0.913654	0.0441599	0.0421861	0.0255551	0.940045	0.0344	0.0283055	0.0346468	0.937048	
Terr	0.00261042	0.00246256	0.00291991	0.00189535	0.00262304	0.00194133	0.00197388	0.00181355	0.00231313	
Aval	0	0.0002607	-0.00026075	-0.0002607	0	0.00026075	0.00026075	-0.00026075	0	
Aerr	0	1.58252e-05	-3.85614e-06	-1.58252e-05	0	-2.80479e-06	3.85614e-06	2.80479e-06	0	
Sval	0.216994	0.0102264	0.0102713	0.0102264	0.366879	0.0131543	0.0102713	0.0131543	0.348823	
Serr	0.00838079	0.000678097	0.000679128	0.000678097	0.00840938	0.000627682	0.000679128	0.000627682	0.00589856	
Pval		0.237492		0.39026		0.372248	
Perr		-nan		-nan		-nan	
