#log(hist[i]/hist[j])	Ui-Uj
log	-0.534399	4	-0.190837	4	0.343562	0
Tval	0.917994	0.0462037	0.0358027	0.0230831	0.94408	0.032837	0.0352034	0.0406676	0.924129	
Terr	0.00178626	0.00161756	0.0012393	0.000906883	0.00132806	0.000918596	0.00114819	0.00107965	0.00122372	
Aval	0	0.00086875	-0.00086875	-0.00086875	0	0.0008688	0.00086875	-0.0008688	0	
Aerr	0	-3.51448e-07	-7.09344e-06	3.51448e-07	0	-1.56575e-06	7.09344e-06	1.56575e-06	0	
Sval	0.234389	0.0109213	0.0100081	0.0109213	0.411326	0.0134334	0.0100081	0.0134334	0.28556	
Serr	0.00608346	0.000312101	0.000349804	0.000312101	0.00752416	0.00031641	0.000349804	0.00031641	0.00442751	
Pval		0.255318		0.43568		0.309002	
Perr		0.00321285		0.00448816		-nan	
