#log(hist[i]/hist[j])	Ui-Uj
log	-0.65334	6	-0.265299	6	0.388041	0
Tval	0.905573	0.0542718	0.0401551	0.0226461	0.940797	0.0365573	0.039023	0.0456579	0.915319	
Terr	0.00228009	0.00191172	0.0014354	-nan	-nan	-nan	0.00110218	0.00116135	0.00141115	
Aval	0	0.0012698	-0.0012698	-0.0012698	0	0.00126985	0.0012698	-0.00126985	0	
Aerr	0	4.28792e-05	-1.96013e-05	-4.28792e-05	0	4.78183e-05	1.96013e-05	-4.78183e-05	0	
Sval	0.214307	0.0115672	0.0107692	0.0115672	0.427896	0.0153533	0.0107692	0.0153533	0.282418	
Serr	0.00526007	0.000322334	0.000341933	0.000322334	0.00657211	0.000332776	0.000341933	0.000332776	0.00522332	
Pval		0.236643		0.454816		0.30854	
Perr		0.00251438		-nan		-nan	
