#log(hist[i]/hist[j])	Ui-Uj
log	-0.430572	4	-0.430048	4	0.000523701	0
Tval	0.911209	0.0442415	0.0445495	0.0289802	0.934693	0.036327	0.0287487	0.0365744	0.934677	
Terr	0.00199913	0.00159869	0.00139133	0.000890538	0.00108138	0.000962696	0.000867095	0.000982554	0.00121165	
Aval	0	-4.235e-05	4.23e-05	4.235e-05	0	-4.23e-05	-4.23e-05	4.23e-05	0	
Aerr	0	9.96126e-06	-4.88544e-06	-9.96126e-06	0	2.40191e-05	4.88544e-06	-2.40191e-05	0	
Sval	0.223592	0.0108935	0.0108852	0.0108935	0.352769	0.0137509	0.0108852	0.0137509	0.35258	
Serr	0.00513287	0.00032542	0.000307538	0.00032542	0.00505008	0.000321851	0.000307538	0.000321851	0.00550238	
Pval		0.245371		0.377414		0.377216	
Perr		0.0029513		-nan		0.000656737	
