#log(hist[i]/hist[j])	Ui-Uj
log	-0.512411	4	-0.148874	4	0.363537	0
Tval	0.916905	0.0470729	0.0360226	0.0239173	0.942328	0.0337544	0.0371939	0.0423902	0.920416	
Terr	0.00170407	0.00135866	0.00128739	0.000905246	0.00133994	0.000968371	0.00117257	0.00124706	0.00131974	
Aval	0	0.0009329	-0.0009329	-0.0009329	0	0.00093295	0.0009329	-0.00093295	0	
Aerr	0	-1.62051e-05	-1.96405e-05	1.62051e-05	0	-3.8326e-06	1.96405e-05	3.8326e-06	0	
Sval	0.239417	0.0113546	0.0103364	0.0113546	0.41074	0.0137756	0.0103364	0.0137756	0.27891	
Serr	0.00513774	0.000330009	0.000343268	0.000330009	0.0070396	0.000348176	0.000343268	0.000348176	0.00486135	
Pval		0.261108		0.43587		0.303022	
Perr		-nan		-nan		0.00194043	
