#log(hist[i]/hist[j])	Ui-Uj
log	-0.537652	4	-0.219385	4	0.318266	0
Tval	0.91869	0.0455401	0.0357697	0.0228278	0.9446	0.0325723	0.0338945	0.0396042	0.926501	
Terr	0.00208613	0.00182714	0.00140247	0.000806551	0.00109989	0.000871682	0.00120161	0.000975853	0.001395	
Aval	0	0.00081395	-0.00081395	-0.00081395	0	0.000814	0.00081395	-0.000814	0	
Aerr	0	3.13891e-05	1.88482e-06	-3.13891e-05	0	3.52586e-05	-1.88482e-06	-3.52586e-05	0	
Sval	0.232162	0.0106864	0.00984955	0.0106864	0.408654	0.0132745	0.00984955	0.0132745	0.291563	
Serr	0.00635448	0.000320388	0.000341927	0.000320388	0.00707069	0.000307528	0.000341927	0.000307528	0.00507397	
Pval		0.252698		0.432614		0.314688	
Perr		0.00314396		0.00441086		0.00369598	
