#log(hist[i]/hist[j])	Ui-Uj
log	-0.680445	4	-0.617936	4	0.0625084	0
Tval	0.921381	0.040094	0.0385245	0.0197207	0.951668	0.028612	0.0213751	0.0298469	0.948778	
Terr	0.0019784	0.00163142	0.00136989	0.000659234	0.000954205	0.000738247	0.000787597	0.000809644	0.0010983	
Aval	0	0.00011755	-0.0001176	-0.00011755	0	0.0001176	0.0001176	-0.0001176	0	
Aerr	0	2.38353e-05	-8.52472e-07	-2.38353e-05	0	8.62539e-06	8.52472e-07	-8.62539e-06	0	
Sval	0.190777	0.00817895	0.0080897	0.00817895	0.389107	0.0115788	0.0080897	0.0115788	0.364421	
Serr	0.00569178	0.00027309	0.000253709	0.00027309	0.006496	0.00027148	0.000253709	0.00027148	0.00615585	
Pval		0.207046		0.408865		0.38409	
Perr		-nan		-nan		0.00270292	
