#log(hist[i]/hist[j])	Ui-Uj
log	-0.61951	4	-0.235138	4	0.384373	0
Tval	0.923469	0.0428859	0.0336451	0.0207604	0.950623	0.0286161	0.0299918	0.0386328	0.931375	
Terr	0.00171692	0.00149004	0.00115537	-nan	-nan	-nan	0.00089655	0.00110928	0.0013573	
Aval	0	0.0005211	-0.0005211	-0.0005211	0	0.0005211	0.0005211	-0.0005211	0	
Aerr	0	5.59165e-06	1.31968e-05	-5.59165e-06	0	1.51691e-06	-1.31968e-05	-1.51691e-06	0	
Sval	0.223982	0.0098743	0.0086797	0.0098743	0.42839	0.0123714	0.0086797	0.0123714	0.285777	
Serr	0.00556721	0.000248544	0.000286143	0.000248544	0.00726707	0.0002874	0.000286143	0.0002874	0.00536436	
Pval		0.242536		0.450636		0.306828	
Perr		0.00417003		-nan		0.00150384	
