#log(hist[i]/hist[j])	Ui-Uj
log	-0.554035	4	-0.275301	4	0.278735	0
Tval	0.920138	0.0441666	0.0356958	0.0220909	0.946319	0.0315904	0.0314398	0.0374081	0.931152	
Terr	0.00192184	0.00153538	0.00114405	0.000831964	0.00119019	0.000826274	0.00103885	0.00092323	0.00130712	
Aval	0	0.0007038	-0.0007038	-0.0007038	0	0.00070385	0.0007038	-0.00070385	0	
Aerr	0	-3.42367e-06	-1.49967e-05	3.42367e-06	0	2.87567e-05	1.49967e-05	-2.87567e-05	0	
Sval	0.226802	0.0101757	0.0094987	0.0101757	0.405914	0.0128433	0.0094987	0.0128433	0.302249	
Serr	0.00625747	0.000286289	0.000287626	0.000286289	0.00721324	0.000283564	0.000287626	0.000283564	0.00553882	
Pval		0.246476		0.428933		0.324591	
Perr		-nan		0.00360087		-nan	
