#log(hist[i]/hist[j])	Ui-Uj
log	-0.731326	4	-0.726224	4	0.0051013	0
Tval	0.92104	0.0393362	0.0396239	0.0190794	0.952999	0.027922	0.019006	0.0282194	0.952774	
Terr	0.00207932	0.00162914	0.00143693	0.000757482	0.00103067	0.0007473	0.000723403	0.000709097	0.00093168	
Aval	0	-3.13e-05	3.13e-05	3.13e-05	0	-3.125e-05	-3.13e-05	3.125e-05	0	
Aerr	0	2.19259e-06	3.2072e-06	-2.19259e-06	0	9.93105e-06	-3.2072e-06	-9.93105e-06	0	
Sval	0.179023	0.0076708	0.0076658	0.0076708	0.384872	0.0113049	0.0076658	0.0113049	0.382822	
Serr	0.00597942	0.000257932	0.000264704	0.000257932	0.00716151	0.00026195	0.000264704	0.00026195	0.00620204	
Pval		0.19436		0.403848		0.401793	
Perr		0.00446559		-nan		0.00324457	
