#log(hist[i]/hist[j])	Ui-Uj
log	-0.766859	8	-0.400062	8	0.366796	0
Tval	0.89658	0.0591239	0.0442955	0.0216503	0.940124	0.038226	0.0380643	0.046777	0.915159	
Terr	0.00246882	0.00187554	0.00174547	-nan	-nan	-nan	0.00111873	0.00106792	0.0013509	
Aval	0	0.00134575	-0.0013458	-0.00134575	0	0.0013458	0.0013458	-0.0013458	0	
Aerr	0	5.50988e-06	8.09311e-06	-5.50988e-06	0	3.05196e-06	-8.09311e-06	-3.05196e-06	0	
Sval	0.193033	0.0113773	0.0108788	0.0113773	0.435771	0.016368	0.0108788	0.016368	0.293947	
Serr	0.00527745	0.000343031	0.000362165	0.000343031	0.00727625	0.000312783	0.000362165	0.000312783	0.00456212	
Pval		0.215289		0.463516		0.321194	
Perr		-nan		-nan		-nan	
