#log(hist[i]/hist[j])	Ui-Uj
log	-0.602821	4	-0.300881	4	0.30194	0
Tval	0.922257	0.0427765	0.0349661	0.0208739	0.949472	0.029654	0.0293025	0.0366831	0.934014	
Terr	0.00153534	0.0014058	0.0011302	0.000651927	0.000981899	0.000758735	0.00082717	0.000855056	0.00112502	
Aval	0	0.00055345	-0.00055345	-0.00055345	0	0.0005535	0.00055345	-0.0005535	0	
Aerr	0	1.03658e-05	4.05203e-06	-1.03658e-05	0	2.77339e-05	-4.05203e-06	-2.77339e-05	0	
Sval	0.22073	0.00968025	0.00892045	0.00968025	0.415229	0.0124126	0.00892045	0.0124126	0.302015	
Serr	0.00485121	0.000263596	0.000276603	0.000263596	0.00612888	0.000265069	0.000276603	0.000265069	0.00494567	
Pval		0.239331		0.437321		0.323348	
Perr		0.00394766		0.00221061		-nan	
