#log(hist[i]/hist[j])	Ui-Uj
log	-0.548065	4	-0.409201	4	0.138864	0
Tval	0.919219	0.0428716	0.0379097	0.022393	0.94552	0.0320874	0.0279197	0.0341242	0.937956	
Terr	0.0020516	0.00162649	0.00136889	0.00103303	0.00148022	0.000992373	0.000986612	0.00104963	0.00145491	
Aval	0	0.0004875	-0.0004875	-0.0004875	0	0.0004875	0.0004875	-0.0004875	0	
Aerr	0	-1.42104e-05	-2.32776e-06	1.42104e-05	0	2.23792e-05	2.32776e-06	-2.23792e-05	0	
Sval	0.217034	0.0096288	0.0094356	0.0096288	0.386185	0.0126142	0.0094356	0.0126142	0.333424	
Serr	0.0058542	0.000330709	0.000340886	0.000330709	0.00732424	0.000326017	0.000340886	0.000326017	0.00579628	
Pval		0.236099		0.408428		0.355473	
Perr		0.00246564		0.00180609		-nan	
