#log(hist[i]/hist[j])	Ui-Uj
log	-0.00134493	0	0.341952	0	0.343297	0
Tval	0.934105	0.0341295	0.0317653	0.0342355	0.934254	0.0315106	0.0445031	0.0446297	0.910867	
Terr	0.00131248	0.0011223	0.00104804	0.0011111	0.00131521	0.000998765	0.00132646	0.00150229	0.00131583	
Aval	0	-2.78e-05	2.78e-05	2.78e-05	0	-2.775e-05	-2.78e-05	2.775e-05	0	
Aerr	0	7.39495e-06	7.48271e-06	-7.39495e-06	0	-1.57851e-05	-7.48271e-06	1.57851e-05	0	
Sval	0.344474	0.0126101	0.0116846	0.0126101	0.344993	0.0116616	0.0116846	0.0116616	0.238621	
Serr	0.00546712	0.000333712	0.000367463	0.000333712	0.00585988	0.000369762	0.000367463	0.000369762	0.00457463	
Pval		0.368768		0.369265		0.261967	
Perr		-nan		0.00295282		0.00265056	
