#log(hist[i]/hist[j])	Ui-Uj
log	-0.610703	4	-0.281696	4	0.329007	0
Tval	0.922589	0.0428302	0.0345806	0.0208022	0.949986	0.0292117	0.029489	0.0371906	0.93332	
Terr	0.00176346	0.00140809	0.00113029	0.000608552	0.00103959	0.000741166	0.000910352	0.00105198	0.00122675	
Aval	0	0.0005408	-0.0005408	-0.0005408	0	0.0005408	0.0005408	-0.0005408	0	
Aerr	0	1.17692e-05	-1.49523e-05	-1.17692e-05	0	-1.98426e-05	1.49523e-05	1.98426e-05	0	
Sval	0.221405	0.0097325	0.0088371	0.0097325	0.41987	0.0123659	0.0088371	0.0123659	0.296854	
Serr	0.00533642	0.000248019	0.000285295	0.000248019	0.0075	0.000251869	0.000285295	0.000251869	0.00576683	
Pval		0.239975		0.441968		0.318057	
Perr		0.00274059		-nan		-nan	
