#log(hist[i]/hist[j])	Ui-Uj
log	-0.496563	4	-0.123837	4	0.372726	0
Tval	0.916587	0.0471445	0.0362685	0.0243981	0.941454	0.034148	0.0382792	0.0433282	0.918392	
Terr	0.00169057	0.00139338	0.00133432	0.000909823	0.00130541	0.000889123	0.00127563	0.00106837	0.00115968	
Aval	0	0.0009349	-0.0009349	-0.0009349	0	0.00093495	0.0009349	-0.00093495	0	
Aerr	0	5.87938e-06	-1.05747e-05	-5.87938e-06	0	-3.48018e-06	1.05747e-05	3.48018e-06	0	
Sval	0.242817	0.01155	0.0105408	0.01155	0.409787	0.0139244	0.0105408	0.0139244	0.275366	
Serr	0.00539586	0.000315255	0.000369663	0.000315255	0.00761336	0.000316588	0.000369663	0.000316588	0.0047019	
Pval		0.264908		0.435261		0.299831	
Perr		0.00188948		-nan		-nan	
