#log(hist[i]/hist[j])	Ui-Uj
log	-0.589594	4	-0.321716	4	0.267878	0
Tval	0.921854	0.0429285	0.0352172	0.0211126	0.948724	0.0301632	0.0290385	0.0359085	0.935053	
Terr	0.00173182	0.00144702	0.0011926	0.000684402	0.0011262	0.000826997	0.00092735	0.000943963	0.00110929	
Aval	0	0.0005796	-0.0005796	-0.0005796	0	0.0005796	0.0005796	-0.0005796	0	
Aerr	0	1.99273e-05	-1.39012e-05	-1.99273e-05	0	2.42913e-06	1.39012e-05	-2.42913e-06	0	
Sval	0.220402	0.0096787	0.0089966	0.0096787	0.409018	0.0124204	0.0089966	0.0124204	0.308388	
Serr	0.00576613	0.0002685	0.00029682	0.0002685	0.00774416	0.000281648	0.00029682	0.000281648	0.00465095	
Pval		0.239077		0.431117		0.329805	
Perr		0.00284731		-nan		0.00446315	
