#log(hist[i]/hist[j])	Ui-Uj
log	-0.580594	4	-0.351601	4	0.228994	0
Tval	0.921116	0.0429068	0.0359768	0.0212701	0.947947	0.0307835	0.0287539	0.035265	0.935981	
Terr	0.0016041	0.00160471	0.00134032	0.000668695	0.0009853	0.000812797	0.00104021	0.000962794	0.00126264	
Aval	0	0.00058125	-0.00058125	-0.00058125	0	0.0005813	0.00058125	-0.0005813	0	
Aerr	0	5.91333e-05	-9.05951e-06	-5.91333e-05	0	2.11538e-05	9.05951e-06	-2.11538e-05	0	
Sval	0.218879	0.00961145	0.00912735	0.00961145	0.402546	0.0124891	0.00912735	0.0124891	0.316119	
Serr	0.0047957	0.000306814	0.000305211	0.000306814	0.00625584	0.00031371	0.000305211	0.00031371	0.00557273	
Pval		0.237618		0.424647		0.337736	
Perr		0.00408027		0.00457623		0.00298803	
