#log(hist[i]/hist[j])	Ui-Uj
log	-0.395866	3	0.00268376	3	0.39855	0
Tval	0.919831	0.0452694	0.0348993	0.0266312	0.939435	0.033934	0.0407157	0.0448246	0.914459	
Terr	0.00165965	0.00156028	0.00119857	0.0010951	0.00149798	0.00100142	0.00128239	0.00118036	0.00134506	
Aval	0	0.00081885	-0.00081885	-0.00081885	0	0.0008189	0.00081885	-0.0008189	0	
Aerr	0	-1.88055e-06	8.88004e-06	1.88055e-06	0	1.87603e-05	-8.88004e-06	-1.87603e-05	0	
Sval	0.264098	0.0121734	0.0108381	0.0121734	0.400724	0.0136525	0.0108381	0.0136525	0.261849	
Serr	0.00540631	0.000367596	0.000370367	0.000367596	0.00677462	0.000357524	0.000370367	0.000357524	0.00418978	
Pval		0.28711		0.42655		0.28634	
Perr		-nan		-nan		0.000522315	
