#log(hist[i]/hist[j])	Ui-Uj
log	-0.651228	4	-0.534807	4	0.11642	0
Tval	0.921657	0.0406434	0.0376996	0.0200173	0.950879	0.0291035	0.0233924	0.0313869	0.945221	
Terr	0.00200449	0.00158233	0.00141583	0.00076546	0.00112339	0.000819987	0.0007796	0.000917581	0.00119962	
Aval	0	0.0002423	-0.0002423	-0.0002423	0	0.0002423	0.0002423	-0.0002423	0	
Aerr	0	5.64466e-06	7.98079e-06	-5.64466e-06	0	1.59878e-05	-7.98079e-06	-1.59878e-05	0	
Sval	0.199285	0.0085405	0.0083898	0.0085405	0.394314	0.0118237	0.0083898	0.0118237	0.348892	
Serr	0.00555497	0.000281921	0.000273161	0.000281921	0.0067857	0.000289345	0.000273161	0.000289345	0.00675945	
Pval		0.216216		0.414679		0.369106	
Perr		-nan		0.00348558		-nan	
