#log(hist[i]/hist[j])	Ui-Uj
log	-0.156753	1	0.215423	1	0.372177	0
Tval	0.929036	0.0380104	0.0329532	0.0313761	0.936555	0.0320695	0.0425025	0.0449062	0.912591	
Terr	0.00137124	0.00122745	0.00109805	0.00108548	0.00128132	0.000969051	0.00147443	0.00145442	0.00151732	
Aval	0	0.0002202	-0.00022025	-0.0002202	0	0.00022025	0.00022025	-0.00022025	0	
Aerr	0	1.4163e-06	-1.22867e-05	-1.4163e-06	0	-2.02716e-06	1.22867e-05	2.02716e-06	0	
Sval	0.31219	0.0125491	0.0112926	0.0125491	0.368127	0.0123834	0.0112926	0.0123834	0.247233	
Serr	0.00527757	0.000349982	0.000392873	0.000349982	0.00569874	0.000373472	0.000392873	0.000373472	0.0044768	
Pval		0.336032		0.393059		0.270909	
Perr		-nan		-nan		0.00305038	
