#log(hist[i]/hist[j])	Ui-Uj
log	-0.523616	4	-0.174504	4	0.349111	0
Tval	0.917373	0.0468072	0.0358197	0.0234628	0.943095	0.0334425	0.0361214	0.0413719	0.922506	
Terr	0.00184392	0.00177981	0.00129841	0.000878905	0.00122125	0.000917595	0.00113857	0.00109982	0.00118742	
Aval	0	0.00092675	-0.00092675	-0.00092675	0	0.0009268	0.00092675	-0.0009268	0	
Aerr	0	2.76327e-05	7.58197e-06	-2.76327e-05	0	1.47432e-05	-7.58197e-06	-1.47432e-05	0	
Sval	0.236519	0.0111344	0.0101596	0.0111344	0.410461	0.0136248	0.0101596	0.0136248	0.283182	
Serr	0.00581938	0.000338435	0.00034231	0.000338435	0.00734919	0.000337807	0.00034231	0.000337807	0.00447078	
Pval		0.257813		0.43522		0.306967	
Perr		0.00428907		-nan		0.00170434	
