#log(hist[i]/hist[j])	Ui-Uj
log	-0.405452	4	-0.404303	4	0.0011495	0
Tval	0.909692	0.0449704	0.0453368	0.0302182	0.932486	0.0372961	0.0300142	0.0375849	0.932401	
Terr	0.00194141	0.00152044	0.00141066	0.000901366	0.00107279	0.000936221	0.000947219	0.000944889	0.00131823	
Aval	0	-4.57e-05	4.565e-05	4.57e-05	0	-4.565e-05	-4.565e-05	4.565e-05	0	
Aerr	0	3.01441e-06	5.44957e-06	-3.01441e-06	0	1.3252e-05	-5.44957e-06	-1.3252e-05	0	
Sval	0.22753	0.0112895	0.0112904	0.0112895	0.349836	0.0140355	0.0112904	0.0140355	0.349404	
Serr	0.00489525	0.000329135	0.000319696	0.000329135	0.00513121	0.000300863	0.000319696	0.000300863	0.00557059	
Pval		0.25011		0.37516		0.374729	
Perr		-nan		0.000867503		-nan	
