#log(hist[i]/hist[j])	Ui-Uj
log	-0.251846	4	-0.246917	4	0.00492879	0
Tval	0.851848	0.0762444	0.0719075	0.056259	0.879097	0.0646442	0.0596646	0.0617485	0.878587	
Terr	0.0137931	0.0163516	0.0167147	0.0148072	0.0159108	0.0136381	0.0137022	0.0144018	0.0154384	
Aval	0	0.00057845	-0.0005785	-0.00057845	0	0.0005785	0.0005785	-0.0005785	0	
Aerr	0	-0.000148801	0.00016447	0.000148801	0	-0.000130533	-0.00016447	0.000130533	0	
Sval	0.238798	0.0207955	0.0207958	0.0207955	0.317214	0.0226822	0.0207958	0.0226822	0.315441	
Serr	0.0154297	0.00492437	0.00492363	0.00492437	0.0145941	0.00480602	0.00492363	0.00480602	0.0126795	
Pval		0.280389		0.360692		0.358919	
Perr		-nan		-nan		-nan	
