#log(hist[i]/hist[j])	Ui-Uj
log	-0.620118	4	-0.459414	4	0.160704	0
Tval	0.921975	0.0414074	0.0366179	0.0204386	0.949837	0.0297247	0.0252718	0.0327575	0.941971	
Terr	0.00200788	0.00148044	0.00136248	0.000756785	0.00111615	0.00079871	0.000830401	0.000887878	0.0011198	
Aval	0	0.0003827	-0.0003827	-0.0003827	0	0.00038275	0.0003827	-0.00038275	0	
Aerr	0	2.16524e-06	-5.42612e-06	-2.16524e-06	0	2.58404e-06	5.42612e-06	-2.58404e-06	0	
Sval	0.207554	0.0089334	0.008622	0.0089334	0.397524	0.0120536	0.008622	0.0120536	0.335705	
Serr	0.00572327	0.000272174	0.000285766	0.000272174	0.00774739	0.000264117	0.000285766	0.000264117	0.00641466	
Pval		0.225109		0.418511		0.35638	
Perr		0.00256851		-nan		-nan	
