#log(hist[i]/hist[j])	Ui-Uj
log	-0.546604	4	-0.245024	4	0.30158	0
Tval	0.919435	0.0448822	0.0356828	0.022389	0.945498	0.0321134	0.0327787	0.0385597	0.928661	
Terr	0.00167327	0.00141994	0.00122151	0.000775761	0.00123543	0.000891178	0.00101917	0.0011339	0.00133986	
Aval	0	0.00077425	-0.00077425	-0.00077425	0	0.0007743	0.00077425	-0.0007743	0	
Aerr	0	1.30303e-05	-9.27393e-06	-1.30303e-05	0	-1.86441e-06	9.27393e-06	1.86441e-06	0	
Sval	0.229577	0.0104277	0.00968125	0.0104277	0.407802	0.0130722	0.00968125	0.0130722	0.296258	
Serr	0.00576457	0.00029783	0.000314369	0.00029783	0.00728929	0.000303023	0.000314369	0.000303023	0.00495282	
Pval		0.249686		0.431302		0.319012	
Perr		0.00444709		-nan		-nan	
