#log(hist[i]/hist[j])	Ui-Uj
log	-0.534716	4	-0.438152	4	0.0965637	0
Tval	0.917196	0.0431797	0.039624	0.0233154	0.943945	0.0327395	0.0277497	0.0338702	0.93838	
Terr	0.00216855	0.00195571	0.00169753	0.00115529	0.00166288	0.00118121	0.001298	0.00106969	0.00155205	
Aval	0	0.00039765	-0.00039765	-0.00039765	0	0.00039765	0.00039765	-0.00039765	0	
Aerr	0	3.30598e-05	-1.95833e-05	-3.30598e-05	0	2.81479e-05	1.95833e-05	-2.81479e-05	0	
Sval	0.215474	0.00974215	0.00970215	0.00974215	0.378528	0.0127264	0.00970215	0.0127264	0.341657	
Serr	0.00619345	0.000424044	0.000409292	0.000424044	0.00739472	0.000376713	0.000409292	0.000376713	0.00608278	
Pval		0.234918		0.400996		0.364086	
Perr		0.00195347		0.00233725		-nan	
