#log(hist[i]/hist[j])	Ui-Uj
log	-0.366829	4	-0.360987	4	0.00584267	0
Tval	0.88649	0.0559902	0.0575192	0.0399142	0.91466	0.0454257	0.039199	0.0466148	0.914186	
Terr	0.00670344	0.00813708	0.00797925	0.00635183	0.00833069	0.00682381	0.00714982	0.00611203	0.00815968	
Aval	0	-0.00017895	0.00017895	0.00017895	0	-0.00017895	-0.00017895	0.00017895	0	
Aerr	0	0.000127115	-0.000123309	-0.000127115	0	9.26629e-05	0.000123309	-9.26629e-05	0	
Sval	0.228575	0.0146486	0.0146482	0.0146486	0.34045	0.0170491	0.0146482	0.0170491	0.338283	
Serr	0.01288	0.00234227	0.00233912	0.00234227	0.0112073	0.00223085	0.00233912	0.00223085	0.0101274	
Pval		0.257872		0.372148		0.36998	
Perr		-nan		0.00429965		-nan	
