#log(hist[i]/hist[j])	Ui-Uj
log	-0.281906	2	0.104759	2	0.386666	0
Tval	0.924414	0.0415429	0.0340427	0.0288045	0.938163	0.033033	0.0415275	0.0448957	0.913576	
Terr	0.00154049	0.00140272	0.00119347	0.00101646	0.00133202	0.000997036	0.0013452	0.0012596	0.00138659	
Aval	0	0.0005199	-0.0005199	-0.0005199	0	0.00051995	0.0005199	-0.00051995	0	
Aerr	0	4.23003e-06	8.17797e-06	-4.23003e-06	0	6.88985e-06	-8.17797e-06	-6.88985e-06	0	
Sval	0.286541	0.0123518	0.0110699	0.0123518	0.385501	0.0130506	0.0110699	0.0130506	0.255014	
Serr	0.00597605	0.000344602	0.000365067	0.000344602	0.00657178	0.000361586	0.000365067	0.000361586	0.00407135	
Pval		0.309963		0.410903		0.279134	
Perr		0.00126689		-nan		-nan	
