#log(hist[i]/hist[j])	Ui-Uj
log	-0.500499	4	-0.109455	4	0.391044	0
Tval	0.915859	0.0481824	0.035959	0.024497	0.94092	0.0345832	0.0391853	0.0441806	0.916634	
Terr	0.00191369	0.00186112	0.00123471	0.000868263	0.00122499	0.00096079	0.00117309	0.00132027	0.00156265	
Aval	0	0.00103025	-0.00103025	-0.00103025	0	0.0010303	0.00103025	-0.0010303	0	
Aerr	0	2.69567e-05	6.30115e-06	-2.69567e-05	0	3.76773e-05	-6.30115e-06	-3.76773e-05	0	
Sval	0.243252	0.0117583	0.0105788	0.0117583	0.412225	0.0141175	0.0105788	0.0141175	0.271613	
Serr	0.00628561	0.000331131	0.000346673	0.000331131	0.00775417	0.00035814	0.000346673	0.00035814	0.00512257	
Pval		0.265589		0.438101		0.29631	
Perr		-nan		0.00309875		-nan	
