#log(hist[i]/hist[j])	Ui-Uj
log	-0.570353	4	-0.381451	4	0.188902	0
Tval	0.920219	0.0430151	0.0367662	0.0216586	0.947063	0.0312785	0.0283149	0.0345721	0.937113	
Terr	0.00174134	0.00170823	0.00125804	0.00075818	0.00115759	0.00089956	0.00100473	0.000977556	0.00119991	
Aval	0	0.00055485	-0.00055485	-0.00055485	0	0.00055485	0.00055485	-0.00055485	0	
Aerr	0	4.06934e-05	-1.50835e-05	-4.06934e-05	0	1.00783e-05	1.50835e-05	-1.00783e-05	0	
Sval	0.217382	0.00960215	0.00923815	0.00960215	0.395738	0.0125116	0.00923815	0.0125116	0.324176	
Serr	0.00479731	0.000310415	0.000316122	0.000310415	0.00695143	0.00031109	0.000316122	0.00031109	0.00558927	
Pval		0.236222		0.417852		0.345926	
Perr		-nan		-nan		-nan	
