2.798741533166690942e-01
3.097676497875370139e-01
3.099700436269930415e-01
2.783341212097518724e-01
3.011706807684051967e-01
2.504202754736300496e-01
9.014175890600745200e-02
-1.935574313356843573e-02
-1.613985470089073782e-01
-3.928986377366915916e-01
-4.202345104257090291e-01
-3.119296309296850089e-01
-2.376371818807455905e-01
-1.631194480121635204e-01
-1.163136787200357153e-01
-6.129924565469931086e-02
-8.735099979505294224e-03
6.026606615965367925e-02
1.320887150642852115e-01
1.992815483375581231e-01
2.296104529502612235e-01
2.478309188678163022e-01
2.397974111843582390e-01
1.939800639196068988e-01
1.477006424306973320e-01
9.034667064519767699e-02
2.652447401591823822e-02
-8.179691560265407724e-02
-2.455313615680113082e-01
-4.035370665797121115e-01
-3.525383398284082093e-01
-2.491658030059104023e-01
-1.596247453065577082e-01
-1.288139609951972631e-01
-8.351584665206654434e-02
-4.255029718510594527e-02
1.071901297254786688e-02
8.358492653706939279e-02
1.708714172267377929e-01
2.257679737175498358e-01
2.481722923980267670e-01
2.672995811219145423e-01
2.435016714127969106e-01
1.599569345224789718e-01
8.614818962643412681e-02
1.582384382523318797e-02
-4.140699226540812961e-02
-1.259661908734893698e-01
-2.480001861178821876e-01
-3.227581031568625414e-01
-2.878867876050777985e-01
-1.898024437288057809e-01
-1.415384884405742061e-01
-1.378450310181413840e-01
-1.099126513713348380e-01
-6.939044673771370408e-02
-1.634650440786322712e-02
6.377205683325840035e-02
1.654275307716059906e-01
2.027001971497328081e-01
