1.329067744748562374e+00
1.333188110763544376e+00
1.279265027480013250e+00
1.199081065986655981e+00
1.039417914761885164e+00
1.043198006542092937e+00
9.789578099137428158e-01
9.397462159525058478e-01
9.044076443987411063e-01
7.269774313865920989e-01
6.948912405379442658e-01
7.914406777664985126e-01
8.506744231968572656e-01
9.021500731337428469e-01
9.455343726138693006e-01
9.852973831177583852e-01
1.029068161030560091e+00
1.089876825630258006e+00
1.156089050480017200e+00
1.210006935031515907e+00
1.218633813574843128e+00
1.204356682683556334e+00
1.176799977607213554e+00
1.132355610456996065e+00
1.097112933972474558e+00
1.062850107438459757e+00
1.024456433665418942e+00
9.379411963822070764e-01
7.876009027026368292e-01
6.403131968200463930e-01
6.894098296044545160e-01
7.872741322662828445e-01
8.596532449615642557e-01
9.000998254953679334e-01
9.445712295559673954e-01
9.846208400159728313e-01
1.039139982378103344e+00
1.114976354159650240e+00
1.204821489600673257e+00
1.255672988539566104e+00
1.267561712070875757e+00
1.257801012015739683e+00
1.207356434401129386e+00
1.132295830530865688e+00
1.072084488101066713e+00
1.013661946102960121e+00
9.639667088695448305e-01
8.802950475491601035e-01
7.753889595384955147e-01
7.163283262530530937e-01
7.590185691266568835e-01
8.372234284400752458e-01
8.749024621645454802e-01
9.155854204268434327e-01
9.515608094449117260e-01
9.971319344841378385e-01
1.055566654801444626e+00
1.146319578724838362e+00
1.249755381571980184e+00
1.291128965977324849e+00
